7f45 4c46 0201 0100 0000 0000 0000 0000
0300 3e00 0100 0000 e010 0000 0000 0000
4000 0000 0000 0000 783b 0000 0000 0000
0000 0000 4000 3800 0d00 4000 1f00 1e00
0600 0000 0400 0000 4000 0000 0000 0000
4000 0000 0000 0000 4000 0000 0000 0000
d802 0000 0000 0000 d802 0000 0000 0000
0800 0000 0000 0000 0300 0000 0400 0000
1803 0000 0000 0000 1803 0000 0000 0000
1803 0000 0000 0000 1c00 0000 0000 0000
1c00 0000 0000 0000 0100 0000 0000 0000
0100 0000 0400 0000 0000 0000 0000 0000
0000 0000 0000 0000 0000 0000 0000 0000
9808 0000 0000 0000 9808 0000 0000 0000
0010 0000 0000 0000 0100 0000 0500 0000
0010 0000 0000 0000 0010 0000 0000 0000
0010 0000 0000 0000 7505 0000 0000 0000
7505 0000 0000 0000 0010 0000 0000 0000
0100 0000 0400 0000 0020 0000 0000 0000
0020 0000 0000 0000 0020 0000 0000 0000
6802 0000 0000 0000 6802 0000 0000 0000
0010 0000 0000 0000 0100 0000 0600 0000
882d 0000 0000 0000 883d 0000 0000 0000
883d 0000 0000 0000 7003 0000 0000 0000
7803 0000 0000 0000 0010 0000 0000 0000
0200 0000 0600 0000 982d 0000 0000 0000
983d 0000 0000 0000 983d 0000 0000 0000
0002 0000 0000 0000 0002 0000 0000 0000
0800 0000 0000 0000 0400 0000 0400 0000
3803 0000 0000 0000 3803 0000 0000 0000
3803 0000 0000 0000 2000 0000 0000 0000
2000 0000 0000 0000 0800 0000 0000 0000
0400 0000 0400 0000 5803 0000 0000 0000
5803 0000 0000 0000 5803 0000 0000 0000
4400 0000 0000 0000 4400 0000 0000 0000
0400 0000 0000 0000 53e5 7464 0400 0000
3803 0000 0000 0000 3803 0000 0000 0000
3803 0000 0000 0000 2000 0000 0000 0000
2000 0000 0000 0000 0800 0000 0000 0000
50e5 7464 0400 0000 ec20 0000 0000 0000
ec20 0000 0000 0000 ec20 0000 0000 0000
4c00 0000 0000 0000 4c00 0000 0000 0000
0400 0000 0000 0000 51e5 7464 0600 0000
0000 0000 0000 0000 0000 0000 0000 0000
0000 0000 0000 0000 0000 0000 0000 0000
0000 0000 0000 0000 1000 0000 0000 0000
52e5 7464 0400 0000 882d 0000 0000 0000
883d 0000 0000 0000 883d 0000 0000 0000
7802 0000 0000 0000 7802 0000 0000 0000
0100 0000 0000 0000 2f6c 6962 3634 2f6c
642d 6c69 6e75 782d 7838 362d 3634 2e73
6f2e 3200 0000 0000 0400 0000 1000 0000
0500 0000 474e 5500 0200 00c0 0400 0000
0300 0000 0000 0000 0400 0000 1400 0000
0300 0000 474e 5500 ffb9 21a8 baf6 ca1d
35a6 c529 2297 25fd 712e 9543 0400 0000
1000 0000 0100 0000 474e 5500 0000 0000
0300 0000 0200 0000 0000 0000 0000 0000
0200 0000 0a00 0000 0100 0000 0600 0000
0000 8100 0000 0000 0a00 0000 0000 0000
d165 ce6d 0000 0000 0000 0000 0000 0000
0000 0000 0000 0000 0000 0000 0000 0000
d100 0000 1200 0000 0000 0000 0000 0000
0000 0000 0000 0000 7300 0000 1200 0000
0000 0000 0000 0000 0000 0000 0000 0000
8f00 0000 1200 0000 0000 0000 0000 0000
0000 0000 0000 0000 0f00 0000 2000 0000
0000 0000 0000 0000 0000 0000 0000 0000
e700 0000 1200 0000 0000 0000 0000 0000
0000 0000 0000 0000 2b00 0000 2000 0000
0000 0000 0000 0000 0000 0000 0000 0000
5400 0000 1200 0000 0000 0000 0000 0000
0000 0000 0000 0000 3a00 0000 2000 0000
0000 0000 0000 0000 0000 0000 0000 0000
ab00 0000 1200 0000 0000 0000 0000 0000
0000 0000 0000 0000 d800 0000 2200 0000
0000 0000 0000 0000 0000 0000 0000 0000
006c 6962 7562 7361 6e2e 736f 2e31 005f
4954 4d5f 6465 7265 6769 7374 6572 544d
436c 6f6e 6554 6162 6c65 005f 5f67 6d6f
6e5f 7374 6172 745f 5f00 5f49 544d 5f72
6567 6973 7465 7254 4d43 6c6f 6e65 5461
626c 6500 5f5f 7562 7361 6e5f 6861 6e64
6c65 5f6e 6567 6174 655f 6f76 6572 666c
6f77 005f 5f75 6273 616e 5f68 616e 646c
655f 6d75 6c5f 6f76 6572 666c 6f77 005f
5f75 6273 616e 5f68 616e 646c 655f 7375
625f 6f76 6572 666c 6f77 005f 5f75 6273
616e 5f68 616e 646c 655f 6164 645f 6f76
6572 666c 6f77 006c 6962 632e 736f 2e36
0070 7269 6e74 6600 5f5f 6378 615f 6669
6e61 6c69 7a65 005f 5f6c 6962 635f 7374
6172 745f 6d61 696e 0047 4c49 4243 5f32
2e32 2e35 0000 0000 0200 0000 0000 0000
0200 0000 0000 0000 0000 0200 0000 0000
0100 0100 c700 0000 1000 0000 0000 0000
751a 6909 0000 0200 f900 0000 0000 0000
883d 0000 0000 0000 0800 0000 0000 0000
c011 0000 0000 0000 903d 0000 0000 0000
0800 0000 0000 0000 8011 0000 0000 0000
0840 0000 0000 0000 0800 0000 0000 0000
0840 0000 0000 0000 2040 0000 0000 0000
0800 0000 0000 0000 e020 0000 0000 0000
3040 0000 0000 0000 0800 0000 0000 0000
1040 0000 0000 0000 4040 0000 0000 0000
0800 0000 0000 0000 e020 0000 0000 0000
5040 0000 0000 0000 0800 0000 0000 0000
1040 0000 0000 0000 6040 0000 0000 0000
0800 0000 0000 0000 e020 0000 0000 0000
7040 0000 0000 0000 0800 0000 0000 0000
1040 0000 0000 0000 8040 0000 0000 0000
0800 0000 0000 0000 e020 0000 0000 0000
9040 0000 0000 0000 0800 0000 0000 0000
1040 0000 0000 0000 a040 0000 0000 0000
0800 0000 0000 0000 e020 0000 0000 0000
b040 0000 0000 0000 0800 0000 0000 0000
1040 0000 0000 0000 c040 0000 0000 0000
0800 0000 0000 0000 e020 0000 0000 0000
d040 0000 0000 0000 0800 0000 0000 0000
1040 0000 0000 0000 e040 0000 0000 0000
0800 0000 0000 0000 e020 0000 0000 0000
f040 0000 0000 0000 0800 0000 0000 0000
1040 0000 0000 0000 d83f 0000 0000 0000
0600 0000 0a00 0000 0000 0000 0000 0000
e03f 0000 0000 0000 0600 0000 0400 0000
0000 0000 0000 0000 e83f 0000 0000 0000
0600 0000 0500 0000 0000 0000 0000 0000
f03f 0000 0000 0000 0600 0000 0600 0000
0000 0000 0000 0000 f83f 0000 0000 0000
0600 0000 0800 0000 0000 0000 0000 0000
b03f 0000 0000 0000 0700 0000 0100 0000
0000 0000 0000 0000 b83f 0000 0000 0000
0700 0000 0200 0000 0000 0000 0000 0000
c03f 0000 0000 0000 0700 0000 0300 0000
0000 0000 0000 0000 c83f 0000 0000 0000
0700 0000 0700 0000 0000 0000 0000 0000
d03f 0000 0000 0000 0700 0000 0900 0000
0000 0000 0000 0000 0000 0000 0000 0000
0000 0000 0000 0000 0000 0000 0000 0000
0000 0000 0000 0000 0000 0000 0000 0000
0000 0000 0000 0000 0000 0000 0000 0000
0000 0000 0000 0000 0000 0000 0000 0000
0000 0000 0000 0000 0000 0000 0000 0000
0000 0000 0000 0000 0000 0000 0000 0000
0000 0000 0000 0000 0000 0000 0000 0000
0000 0000 0000 0000 0000 0000 0000 0000
0000 0000 0000 0000 0000 0000 0000 0000
0000 0000 0000 0000 0000 0000 0000 0000
0000 0000 0000 0000 0000 0000 0000 0000
0000 0000 0000 0000 0000 0000 0000 0000
0000 0000 0000 0000 0000 0000 0000 0000
0000 0000 0000 0000 0000 0000 0000 0000
0000 0000 0000 0000 0000 0000 0000 0000
0000 0000 0000 0000 0000 0000 0000 0000
0000 0000 0000 0000 0000 0000 0000 0000
0000 0000 0000 0000 0000 0000 0000 0000
0000 0000 0000 0000 0000 0000 0000 0000
0000 0000 0000 0000 0000 0000 0000 0000
0000 0000 0000 0000 0000 0000 0000 0000
0000 0000 0000 0000 0000 0000 0000 0000
0000 0000 0000 0000 0000 0000 0000 0000
0000 0000 0000 0000 0000 0000 0000 0000
0000 0000 0000 0000 0000 0000 0000 0000
0000 0000 0000 0000 0000 0000 0000 0000
0000 0000 0000 0000 0000 0000 0000 0000
0000 0000 0000 0000 0000 0000 0000 0000
0000 0000 0000 0000 0000 0000 0000 0000
0000 0000 0000 0000 0000 0000 0000 0000
0000 0000 0000 0000 0000 0000 0000 0000
0000 0000 0000 0000 0000 0000 0000 0000
0000 0000 0000 0000 0000 0000 0000 0000
0000 0000 0000 0000 0000 0000 0000 0000
0000 0000 0000 0000 0000 0000 0000 0000
0000 0000 0000 0000 0000 0000 0000 0000
0000 0000 0000 0000 0000 0000 0000 0000
0000 0000 0000 0000 0000 0000 0000 0000
0000 0000 0000 0000 0000 0000 0000 0000
0000 0000 0000 0000 0000 0000 0000 0000
0000 0000 0000 0000 0000 0000 0000 0000
0000 0000 0000 0000 0000 0000 0000 0000
0000 0000 0000 0000 0000 0000 0000 0000
0000 0000 0000 0000 0000 0000 0000 0000
0000 0000 0000 0000 0000 0000 0000 0000
0000 0000 0000 0000 0000 0000 0000 0000
0000 0000 0000 0000 0000 0000 0000 0000
0000 0000 0000 0000 0000 0000 0000 0000
0000 0000 0000 0000 0000 0000 0000 0000
0000 0000 0000 0000 0000 0000 0000 0000
0000 0000 0000 0000 0000 0000 0000 0000
0000 0000 0000 0000 0000 0000 0000 0000
0000 0000 0000 0000 0000 0000 0000 0000
0000 0000 0000 0000 0000 0000 0000 0000
0000 0000 0000 0000 0000 0000 0000 0000
0000 0000 0000 0000 0000 0000 0000 0000
0000 0000 0000 0000 0000 0000 0000 0000
0000 0000 0000 0000 0000 0000 0000 0000
0000 0000 0000 0000 0000 0000 0000 0000
0000 0000 0000 0000 0000 0000 0000 0000
0000 0000 0000 0000 0000 0000 0000 0000
0000 0000 0000 0000 0000 0000 0000 0000
0000 0000 0000 0000 0000 0000 0000 0000
0000 0000 0000 0000 0000 0000 0000 0000
0000 0000 0000 0000 0000 0000 0000 0000
0000 0000 0000 0000 0000 0000 0000 0000
0000 0000 0000 0000 0000 0000 0000 0000
0000 0000 0000 0000 0000 0000 0000 0000
0000 0000 0000 0000 0000 0000 0000 0000
0000 0000 0000 0000 0000 0000 0000 0000
0000 0000 0000 0000 0000 0000 0000 0000
0000 0000 0000 0000 0000 0000 0000 0000
0000 0000 0000 0000 0000 0000 0000 0000
0000 0000 0000 0000 0000 0000 0000 0000
0000 0000 0000 0000 0000 0000 0000 0000
0000 0000 0000 0000 0000 0000 0000 0000
0000 0000 0000 0000 0000 0000 0000 0000
0000 0000 0000 0000 0000 0000 0000 0000
0000 0000 0000 0000 0000 0000 0000 0000
0000 0000 0000 0000 0000 0000 0000 0000
0000 0000 0000 0000 0000 0000 0000 0000
0000 0000 0000 0000 0000 0000 0000 0000
0000 0000 0000 0000 0000 0000 0000 0000
0000 0000 0000 0000 0000 0000 0000 0000
0000 0000 0000 0000 0000 0000 0000 0000
0000 0000 0000 0000 0000 0000 0000 0000
0000 0000 0000 0000 0000 0000 0000 0000
0000 0000 0000 0000 0000 0000 0000 0000
0000 0000 0000 0000 0000 0000 0000 0000
0000 0000 0000 0000 0000 0000 0000 0000
0000 0000 0000 0000 0000 0000 0000 0000
0000 0000 0000 0000 0000 0000 0000 0000
0000 0000 0000 0000 0000 0000 0000 0000
0000 0000 0000 0000 0000 0000 0000 0000
0000 0000 0000 0000 0000 0000 0000 0000
0000 0000 0000 0000 0000 0000 0000 0000
0000 0000 0000 0000 0000 0000 0000 0000
0000 0000 0000 0000 0000 0000 0000 0000
0000 0000 0000 0000 0000 0000 0000 0000
0000 0000 0000 0000 0000 0000 0000 0000
0000 0000 0000 0000 0000 0000 0000 0000
0000 0000 0000 0000 0000 0000 0000 0000
0000 0000 0000 0000 0000 0000 0000 0000
0000 0000 0000 0000 0000 0000 0000 0000
0000 0000 0000 0000 0000 0000 0000 0000
0000 0000 0000 0000 0000 0000 0000 0000
0000 0000 0000 0000 0000 0000 0000 0000
0000 0000 0000 0000 0000 0000 0000 0000
0000 0000 0000 0000 0000 0000 0000 0000
0000 0000 0000 0000 0000 0000 0000 0000
0000 0000 0000 0000 0000 0000 0000 0000
0000 0000 0000 0000 0000 0000 0000 0000
0000 0000 0000 0000 0000 0000 0000 0000
0000 0000 0000 0000 0000 0000 0000 0000
0000 0000 0000 0000 0000 0000 0000 0000
0000 0000 0000 0000 0000 0000 0000 0000
0000 0000 0000 0000 0000 0000 0000 0000
0000 0000 0000 0000 0000 0000 0000 0000
f30f 1efa 4883 ec08 488b 05e1 2f00 0048
85c0 7402 ffd0 4883 c408 c300 0000 0000
ff35 7a2f 0000 f2ff 257b 2f00 000f 1f00
f30f 1efa 6800 0000 00f2 e9e1 ffff ff90
f30f 1efa 6801 0000 00f2 e9d1 ffff ff90
f30f 1efa 6802 0000 00f2 e9c1 ffff ff90
f30f 1efa 6803 0000 00f2 e9b1 ffff ff90
f30f 1efa 6804 0000 00f2 e9a1 ffff ff90
f30f 1efa f2ff 254d 2f00 000f 1f44 0000
f30f 1efa f2ff 2515 2f00 000f 1f44 0000
f30f 1efa f2ff 250d 2f00 000f 1f44 0000
f30f 1efa f2ff 2505 2f00 000f 1f44 0000
f30f 1efa f2ff 25fd 2e00 000f 1f44 0000
f30f 1efa f2ff 25f5 2e00 000f 1f44 0000
f30f 1efa 31ed 4989 d15e 4889 e248 83e4
f050 544c 8d05 6604 0000 488d 0def 0300
0048 8d3d c100 0000 ff15 da2e 0000 f490
488d 3de1 2f00 0048 8d05 da2f 0000 4839
f874 1548 8b05 b62e 0000 4885 c074 09ff
e00f 1f80 0000 0000 c30f 1f80 0000 0000
488d 3db1 2f00 0048 8d35 aa2f 0000 4829
fe48 89f0 48c1 ee3f 48c1 f803 4801 c648
d1fe 7414 488b 058d 2e00 0048 85c0 7408
ffe0 660f 1f44 0000 c30f 1f80 0000 0000
f30f 1efa 803d 6d2f 0000 0075 2b55 4883
3d42 2e00 0000 4889 e574 0c48 8b3d 662e
0000 e8d9 feff ffe8 64ff ffff c605 452f
0000 015d c30f 1f00 c30f 1f80 0000 0000
f30f 1efa e977 ffff fff3 0f1e fa55 4889
e548 83ec 1048 8d3d 2c0e 0000 e823 0100
0089 45fc 8b45 fc89 c648 8d3d 1b0e 0000
b800 0000 00e8 96fe ffff 488d 3d0e 0e00
00e8 fe00 0000 8945 fc8b 45fc 89c6 488d
3df6 0d00 00b8 0000 0000 e871 feff ff48
8d3d f20d 0000 e8d9 0000 0089 45fc 8b45
fc89 c648 8d3d d10d 0000 b800 0000 00e8
4cfe ffff 488d 3df2 0d00 00e8 b400 0000
8945 fc8b 45fc 89c6 488d 3dac 0d00 00b8
0000 0000 e827 feff ff48 8d3d d70d 0000
e88f 0000 0089 45fc 8b45 fc89 c648 8d3d
870d 0000 b800 0000 00e8 02fe ffff 488d
3db4 0d00 00e8 6a00 0000 8945 fc8b 45fc
89c6 488d 3d62 0d00 00b8 0000 0000 e8dd
fdff ff48 8d3d 9e0d 0000 e845 0000 0089
45fc 8b45 fc89 c648 8d3d 3d0d 0000 b800
0000 00e8 b8fd ffff 488d 3dd9 0d00 00e8
2000 0000 8945 fc8b 45fc 89c6 488d 3d18
0d00 00b8 0000 0000 e893 fdff ffb8 0000
0000 c9c3 f30f 1efa 5548 89e5 4154 5348
83ec 2048 897d d8c7 45e8 0000 0000 c745
ecff ffff ffc7 45e4 0000 0000 e96e 0100
008b 45e4 4863 d048 8b45 d848 01d0 0fb6
003c 2d75 208b 45ec f7d8 89c3 7114 8b45
ec48 9848 89c6 488d 3dc3 2c00 00e8 5efd
ffff 895d ec8b 45e4 4863 d048 8b45 d848
01d0 0fb6 003c 2f0f 8efc 0000 008b 45e4
4863 d048 8b45 d848 01d0 0fb6 003c 390f
8fe4 0000 0083 7de8 0079 798b 45e8 6bd8
0a71 198b 45e8 4898 ba0a 0000 0048 89c6
488d 3d89 2c00 00e8 e4fc ffff 8b45 e448
63d0 488b 45d8 4801 d00f b600 0fbe c041
89c4 4183 ec30 7116 4898 ba30 0000 0048
89c6 488d 3d77 2c00 00e8 c2fc ffff 4489
e041 89dc 4129 c471 1548 63d0 4863 c348
89c6 488d 3d77 2c00 00e8 a2fc ffff 4489
65e8 eb37 8b45 e448 63d0 488b 45d8 4801
d00f b600 0fbe c0ba 3000 0000 89d3 29c3
7116 4898 4889 c2be 3000 0000 488d 3d5d
2c00 00e8 68fc ffff 895d e88b 45e4 4898
488d 5001 488b 45d8 4801 d00f b600 3c2f
7e55 8b45 e448 9848 8d50 0148 8b45 d848
01d0 0fb6 003c 397f 3e8b 45e4 83c0 0189
c371 198b 45e4 4898 ba01 0000 0048 89c6
488d 3d29 2c00 00e8 34fc ffff 895d e48b
45e4 4863 d048 8b45 d848 01d0 0fb6 0084
c00f 857a feff ff83 7dec 0079 208b 45e8
f7d8 89c3 7114 8b45 e848 9848 89c6 488d
3d0b 2c00 00e8 e6fb ffff 895d e88b 45e8
4883 c420 5b41 5c5d c30f 1f80 0000 0000
f30f 1efa 4157 4c8d 3d8b 2800 0041 5649
89d6 4155 4989 f541 5441 89fc 5548 8d2d
7c28 0000 534c 29fd 4883 ec08 e8df faff
ff48 c1fd 0374 1f31 db0f 1f80 0000 0000
4c89 f24c 89ee 4489 e741 ff14 df48 83c3
0148 39dd 75ea 4883 c408 5b5d 415c 415d
415e 415f c366 662e 0f1f 8400 0000 0000
f30f 1efa c300 0000 f30f 1efa 4883 ec08
4883 c408 c300 0000 0000 0000 0000 0000
0000 0000 0000 0000 0000 0000 0000 0000
0000 0000 0000 0000 0000 0000 0000 0000
0000 0000 0000 0000 0000 0000 0000 0000
0000 0000 0000 0000 0000 0000 0000 0000
0000 0000 0000 0000 0000 0000 0000 0000
0000 0000 0000 0000 0000 0000 0000 0000
0000 0000 0000 0000 0000 0000 0000 0000
0000 0000 0000 0000 0000 0000 0000 0000
0000 0000 0000 0000 0000 0000 0000 0000
0000 0000 0000 0000 0000 0000 0000 0000
0000 0000 0000 0000 0000 0000 0000 0000
0000 0000 0000 0000 0000 0000 0000 0000
0000 0000 0000 0000 0000 0000 0000 0000
0000 0000 0000 0000 0000 0000 0000 0000
0000 0000 0000 0000 0000 0000 0000 0000
0000 0000 0000 0000 0000 0000 0000 0000
0000 0000 0000 0000 0000 0000 0000 0000
0000 0000 0000 0000 0000 0000 0000 0000
0000 0000 0000 0000 0000 0000 0000 0000
0000 0000 0000 0000 0000 0000 0000 0000
0000 0000 0000 0000 0000 0000 0000 0000
0000 0000 0000 0000 0000 0000 0000 0000
0000 0000 0000 0000 0000 0000 0000 0000
0000 0000 0000 0000 0000 0000 0000 0000
0000 0000 0000 0000 0000 0000 0000 0000
0000 0000 0000 0000 0000 0000 0000 0000
0000 0000 0000 0000 0000 0000 0000 0000
0000 0000 0000 0000 0000 0000 0000 0000
0000 0000 0000 0000 0000 0000 0000 0000
0000 0000 0000 0000 0000 0000 0000 0000
0000 0000 0000 0000 0000 0000 0000 0000
0000 0000 0000 0000 0000 0000 0000 0000
0000 0000 0000 0000 0000 0000 0000 0000
0000 0000 0000 0000 0000 0000 0000 0000
0000 0000 0000 0000 0000 0000 0000 0000
0000 0000 0000 0000 0000 0000 0000 0000
0000 0000 0000 0000 0000 0000 0000 0000
0000 0000 0000 0000 0000 0000 0000 0000
0000 0000 0000 0000 0000 0000 0000 0000
0000 0000 0000 0000 0000 0000 0000 0000
0000 0000 0000 0000 0000 0000 0000 0000
0000 0000 0000 0000 0000 0000 0000 0000
0000 0000 0000 0000 0000 0000 0000 0000
0000 0000 0000 0000 0000 0000 0000 0000
0000 0000 0000 0000 0000 0000 0000 0000
0000 0000 0000 0000 0000 0000 0000 0000
0000 0000 0000 0000 0000 0000 0000 0000
0000 0000 0000 0000 0000 0000 0000 0000
0000 0000 0000 0000 0000 0000 0000 0000
0000 0000 0000 0000 0000 0000 0000 0000
0000 0000 0000 0000 0000 0000 0000 0000
0000 0000 0000 0000 0000 0000 0000 0000
0000 0000 0000 0000 0000 0000 0000 0000
0000 0000 0000 0000 0000 0000 0000 0000
0000 0000 0000 0000 0000 0000 0000 0000
0000 0000 0000 0000 0000 0000 0000 0000
0000 0000 0000 0000 0000 0000 0000 0000
0000 0000 0000 0000 0000 0000 0000 0000
0000 0000 0000 0000 0000 0000 0000 0000
0000 0000 0000 0000 0000 0000 0000 0000
0000 0000 0000 0000 0000 0000 0000 0000
0000 0000 0000 0000 0000 0000 0000 0000
0000 0000 0000 0000 0000 0000 0000 0000
0000 0000 0000 0000 0000 0000 0000 0000
0000 0000 0000 0000 0000 0000 0000 0000
0000 0000 0000 0000 0000 0000 0000 0000
0000 0000 0000 0000 0000 0000 0000 0000
0000 0000 0000 0000 0000 0000 0000 0000
0000 0000 0000 0000 0000 0000 0000 0000
0000 0000 0000 0000 0000 0000 0000 0000
0000 0000 0000 0000 0000 0000 0000 0000
0000 0000 0000 0000 0000 0000 0000 0000
0000 0000 0000 0000 0000 0000 0000 0000
0000 0000 0000 0000 0000 0000 0000 0000
0000 0000 0000 0000 0000 0000 0000 0000
0000 0000 0000 0000 0000 0000 0000 0000
0000 0000 0000 0000 0000 0000 0000 0000
0000 0000 0000 0000 0000 0000 0000 0000
0000 0000 0000 0000 0000 0000 0000 0000
0000 0000 0000 0000 0000 0000 0000 0000
0000 0000 0000 0000 0000 0000 0000 0000
0000 0000 0000 0000 0000 0000 0000 0000
0000 0000 0000 0000 0000 0000 0000 0000
0000 0000 0000 0000 0000 0000 0000 0000
0000 0000 0000 0000 0000 0000 0000 0000
0000 0000 0000 0000 0000 0000 0000 0000
0000 0000 0000 0000 0000 0000 0000 0000
0000 0000 0000 0000 0000 0000 0000 0000
0000 0000 0000 0000 0000 0000 0000 0000
0000 0000 0000 0000 0000 0000 0000 0000
0000 0000 0000 0000 0000 0000 0000 0000
0000 0000 0000 0000 0000 0000 0000 0000
0000 0000 0000 0000 0000 0000 0000 0000
0000 0000 0000 0000 0000 0000 0000 0000
0000 0000 0000 0000 0000 0000 0000 0000
0000 0000 0000 0000 0000 0000 0000 0000
0000 0000 0000 0000 0000 0000 0000 0000
0000 0000 0000 0000 0000 0000 0000 0000
0000 0000 0000 0000 0000 0000 0000 0000
0000 0000 0000 0000 0000 0000 0000 0000
0000 0000 0000 0000 0000 0000 0000 0000
0000 0000 0000 0000 0000 0000 0000 0000
0000 0000 0000 0000 0000 0000 0000 0000
0000 0000 0000 0000 0000 0000 0000 0000
0000 0000 0000 0000 0000 0000 0000 0000
0000 0000 0000 0000 0000 0000 0000 0000
0000 0000 0000 0000 0000 0000 0000 0000
0000 0000 0000 0000 0000 0000 0000 0000
0000 0000 0000 0000 0000 0000 0000 0000
0000 0000 0000 0000 0000 0000 0000 0000
0000 0000 0000 0000 0000 0000 0000 0000
0000 0000 0000 0000 0000 0000 0000 0000
0000 0000 0000 0000 0000 0000 0000 0000
0000 0000 0000 0000 0000 0000 0000 0000
0000 0000 0000 0000 0000 0000 0000 0000
0000 0000 0000 0000 0000 0000 0000 0000
0000 0000 0000 0000 0000 0000 0000 0000
0000 0000 0000 0000 0000 0000 0000 0000
0000 0000 0000 0000 0000 0000 0000 0000
0000 0000 0000 0000 0000 0000 0000 0000
0000 0000 0000 0000 0000 0000 0000 0000
0000 0000 0000 0000 0000 0000 0000 0000
0000 0000 0000 0000 0000 0000 0000 0000
0000 0000 0000 0000 0000 0000 0000 0000
0000 0000 0000 0000 0000 0000 0000 0000
0000 0000 0000 0000 0000 0000 0000 0000
0000 0000 0000 0000 0000 0000 0000 0000
0000 0000 0000 0000 0000 0000 0000 0000
0000 0000 0000 0000 0000 0000 0000 0000
0000 0000 0000 0000 0000 0000 0000 0000
0000 0000 0000 0000 0000 0000 0000 0000
0000 0000 0000 0000 0000 0000 0000 0000
0000 0000 0000 0000 0000 0000 0000 0000
0000 0000 0000 0000 0000 0000 0000 0000
0000 0000 0000 0000 0000 0000 0000 0000
0000 0000 0000 0000 0000 0000 0000 0000
0000 0000 0000 0000 0000 0000 0000 0000
0000 0000 0000 0000 0000 0000 0000 0000
0000 0000 0000 0000 0000 0000 0000 0000
0000 0000 0000 0000 0000 0000 0000 0000
0000 0000 0000 0000 0000 0000 0000 0000
0000 0000 0000 0000 0000 0000 0000 0000
0000 0000 0000 0000 0000 0000 0000 0000
0000 0000 0000 0000 0000 0000 0000 0000
0000 0000 0000 0000 0000 0000 0000 0000
0000 0000 0000 0000 0000 0000 0000 0000
0000 0000 0000 0000 0000 0000 0000 0000
0000 0000 0000 0000 0000 0000 0000 0000
0000 0000 0000 0000 0000 0000 0000 0000
0000 0000 0000 0000 0000 0000 0000 0000
0000 0000 0000 0000 0000 0000 0000 0000
0000 0000 0000 0000 0000 0000 0000 0000
0000 0000 0000 0000 0000 0000 0000 0000
0000 0000 0000 0000 0000 0000 0000 0000
0000 0000 0000 0000 0000 0000 0000 0000
0000 0000 0000 0000 0000 0000 0000 0000
0000 0000 0000 0000 0000 0000 0000 0000
0000 0000 0000 0000 0000 0000 0000 0000
0000 0000 0000 0000 0000 0000 0000 0000
0000 0000 0000 0000 0000 0000 0000 0000
0000 0000 0000 0000 0000 0000 0000 0000
0000 0000 0000 0000 0000 0000 0000 0000
0000 0000 0000 0000 0000 0000 0000 0000
0000 0000 0000 0000 0000 0000 0000 0000
0000 0000 0000 0000 0000 0000 0000 0000
0000 0000 0000 0000 0000 0000 0000 0000
0000 0000 0000 0000 0000 0000 0000 0000
0000 0000 0000 0000 0000 0000 0000 0000
0100 0200 0000 0000 3938 0025 640a 002d
3430 3200 0000 0000 2020 2020 2020 2020
2020 2d2d 2d2d 2d2d 2b2b 2b2b 2b2b 2d2d
2d2d 2d2b 2b2b 2b2b 2d2d 3938 0032 3134
3734 3833 3634 0030 0053 7569 7465 2034
3032 0000 0000 0000 2020 2020 2020 2020
202b 2020 2020 2020 2b20 2020 202d 2020
2020 2d39 3820 4261 7474 6572 7920 5374
7265 6574 3b20 5361 6e20 4672 616e 6369
7363 6f2c 2043 4120 3934 3131 3120 2d20
5553 4120 2020 2020 2020 2020 2020 2020
0000 0000 0000 0000 2d2d 2d2b 2b2b 2b20
2d2b 2b20 5375 6920 2d20 7465 202d 2020
2034 3032 2023 6369 7366 756e 203a 2900
3130 302d 6174 6f69 2e63 0000 011b 033b
4800 0000 0800 0000 34ef ffff 7c00 0000
94ef ffff a400 0000 a4ef ffff bc00 0000
f4ef ffff 6400 0000 ddf0 ffff d400 0000
18f2 ffff f400 0000 04f4 ffff 1c01 0000
74f4 ffff 6401 0000 1400 0000 0000 0000
017a 5200 0178 1001 1b0c 0708 9001 0000
1400 0000 1c00 0000 88ef ffff 2f00 0000
0044 0710 0000 0000 2400 0000 3400 0000
b0ee ffff 6000 0000 000e 1046 0e18 4a0f
0b77 0880 003f 1a3a 2a33 2422 0000 0000
1400 0000 5c00 0000 e8ee ffff 1000 0000
0000 0000 0000 0000 1400 0000 7400 0000
e0ee ffff 5000 0000 0000 0000 0000 0000
1c00 0000 8c00 0000 01f0 ffff 3b01 0000
0045 0e10 8602 430d 0603 3201 0c07 0800
2400 0000 ac00 0000 1cf1 ffff e501 0000
0045 0e10 8602 430d 0647 8c03 8304 03d5
010c 0708 0000 0000 4400 0000 d400 0000
e0f2 ffff 6500 0000 0046 0e10 8f02 490e
188e 0345 0e20 8d04 450e 288c 0544 0e30
8606 480e 3883 0747 0e40 6e0e 3841 0e30
410e 2842 0e20 420e 1842 0e10 420e 0800
1000 0000 1c01 0000 08f3 ffff 0500 0000
0000 0000 0000 0000 0000 0000 0000 0000
0000 0000 0000 0000 0000 0000 0000 0000
0000 0000 0000 0000 0000 0000 0000 0000
0000 0000 0000 0000 0000 0000 0000 0000
0000 0000 0000 0000 0000 0000 0000 0000
0000 0000 0000 0000 0000 0000 0000 0000
0000 0000 0000 0000 0000 0000 0000 0000
0000 0000 0000 0000 0000 0000 0000 0000
0000 0000 0000 0000 0000 0000 0000 0000
0000 0000 0000 0000 0000 0000 0000 0000
0000 0000 0000 0000 0000 0000 0000 0000
0000 0000 0000 0000 0000 0000 0000 0000
0000 0000 0000 0000 0000 0000 0000 0000
0000 0000 0000 0000 0000 0000 0000 0000
0000 0000 0000 0000 0000 0000 0000 0000
0000 0000 0000 0000 0000 0000 0000 0000
0000 0000 0000 0000 0000 0000 0000 0000
0000 0000 0000 0000 0000 0000 0000 0000
0000 0000 0000 0000 0000 0000 0000 0000
0000 0000 0000 0000 0000 0000 0000 0000
0000 0000 0000 0000 0000 0000 0000 0000
0000 0000 0000 0000 0000 0000 0000 0000
0000 0000 0000 0000 0000 0000 0000 0000
0000 0000 0000 0000 0000 0000 0000 0000
0000 0000 0000 0000 0000 0000 0000 0000
0000 0000 0000 0000 0000 0000 0000 0000
0000 0000 0000 0000 0000 0000 0000 0000
0000 0000 0000 0000 0000 0000 0000 0000
0000 0000 0000 0000 0000 0000 0000 0000
0000 0000 0000 0000 0000 0000 0000 0000
0000 0000 0000 0000 0000 0000 0000 0000
0000 0000 0000 0000 0000 0000 0000 0000
0000 0000 0000 0000 0000 0000 0000 0000
0000 0000 0000 0000 0000 0000 0000 0000
0000 0000 0000 0000 0000 0000 0000 0000
0000 0000 0000 0000 0000 0000 0000 0000
0000 0000 0000 0000 0000 0000 0000 0000
0000 0000 0000 0000 0000 0000 0000 0000
0000 0000 0000 0000 0000 0000 0000 0000
0000 0000 0000 0000 0000 0000 0000 0000
0000 0000 0000 0000 0000 0000 0000 0000
0000 0000 0000 0000 0000 0000 0000 0000
0000 0000 0000 0000 0000 0000 0000 0000
0000 0000 0000 0000 0000 0000 0000 0000
0000 0000 0000 0000 0000 0000 0000 0000
0000 0000 0000 0000 0000 0000 0000 0000
0000 0000 0000 0000 0000 0000 0000 0000
0000 0000 0000 0000 0000 0000 0000 0000
0000 0000 0000 0000 0000 0000 0000 0000
0000 0000 0000 0000 0000 0000 0000 0000
0000 0000 0000 0000 0000 0000 0000 0000
0000 0000 0000 0000 0000 0000 0000 0000
0000 0000 0000 0000 0000 0000 0000 0000
0000 0000 0000 0000 0000 0000 0000 0000
0000 0000 0000 0000 0000 0000 0000 0000
0000 0000 0000 0000 0000 0000 0000 0000
0000 0000 0000 0000 0000 0000 0000 0000
0000 0000 0000 0000 0000 0000 0000 0000
0000 0000 0000 0000 0000 0000 0000 0000
0000 0000 0000 0000 0000 0000 0000 0000
0000 0000 0000 0000 0000 0000 0000 0000
0000 0000 0000 0000 0000 0000 0000 0000
0000 0000 0000 0000 0000 0000 0000 0000
0000 0000 0000 0000 0000 0000 0000 0000
0000 0000 0000 0000 0000 0000 0000 0000
0000 0000 0000 0000 0000 0000 0000 0000
0000 0000 0000 0000 0000 0000 0000 0000
0000 0000 0000 0000 0000 0000 0000 0000
0000 0000 0000 0000 0000 0000 0000 0000
0000 0000 0000 0000 0000 0000 0000 0000
0000 0000 0000 0000 0000 0000 0000 0000
0000 0000 0000 0000 0000 0000 0000 0000
0000 0000 0000 0000 0000 0000 0000 0000
0000 0000 0000 0000 0000 0000 0000 0000
0000 0000 0000 0000 0000 0000 0000 0000
0000 0000 0000 0000 0000 0000 0000 0000
0000 0000 0000 0000 0000 0000 0000 0000
0000 0000 0000 0000 0000 0000 0000 0000
0000 0000 0000 0000 0000 0000 0000 0000
0000 0000 0000 0000 0000 0000 0000 0000
0000 0000 0000 0000 0000 0000 0000 0000
0000 0000 0000 0000 0000 0000 0000 0000
0000 0000 0000 0000 0000 0000 0000 0000
0000 0000 0000 0000 0000 0000 0000 0000
0000 0000 0000 0000 0000 0000 0000 0000
0000 0000 0000 0000 0000 0000 0000 0000
0000 0000 0000 0000 0000 0000 0000 0000
0000 0000 0000 0000 0000 0000 0000 0000
0000 0000 0000 0000 0000 0000 0000 0000
0000 0000 0000 0000 0000 0000 0000 0000
0000 0000 0000 0000 0000 0000 0000 0000
0000 0000 0000 0000 0000 0000 0000 0000
0000 0000 0000 0000 0000 0000 0000 0000
0000 0000 0000 0000 0000 0000 0000 0000
0000 0000 0000 0000 0000 0000 0000 0000
0000 0000 0000 0000 0000 0000 0000 0000
0000 0000 0000 0000 0000 0000 0000 0000
0000 0000 0000 0000 0000 0000 0000 0000
0000 0000 0000 0000 0000 0000 0000 0000
0000 0000 0000 0000 0000 0000 0000 0000
0000 0000 0000 0000 0000 0000 0000 0000
0000 0000 0000 0000 0000 0000 0000 0000
0000 0000 0000 0000 0000 0000 0000 0000
0000 0000 0000 0000 0000 0000 0000 0000
0000 0000 0000 0000 0000 0000 0000 0000
0000 0000 0000 0000 0000 0000 0000 0000
0000 0000 0000 0000 0000 0000 0000 0000
0000 0000 0000 0000 0000 0000 0000 0000
0000 0000 0000 0000 0000 0000 0000 0000
0000 0000 0000 0000 0000 0000 0000 0000
0000 0000 0000 0000 0000 0000 0000 0000
0000 0000 0000 0000 0000 0000 0000 0000
0000 0000 0000 0000 0000 0000 0000 0000
0000 0000 0000 0000 0000 0000 0000 0000
0000 0000 0000 0000 0000 0000 0000 0000
0000 0000 0000 0000 0000 0000 0000 0000
0000 0000 0000 0000 0000 0000 0000 0000
0000 0000 0000 0000 0000 0000 0000 0000
0000 0000 0000 0000 0000 0000 0000 0000
0000 0000 0000 0000 0000 0000 0000 0000
0000 0000 0000 0000 0000 0000 0000 0000
0000 0000 0000 0000 0000 0000 0000 0000
0000 0000 0000 0000 0000 0000 0000 0000
0000 0000 0000 0000 0000 0000 0000 0000
0000 0000 0000 0000 0000 0000 0000 0000
0000 0000 0000 0000 0000 0000 0000 0000
0000 0000 0000 0000 0000 0000 0000 0000
0000 0000 0000 0000 0000 0000 0000 0000
0000 0000 0000 0000 0000 0000 0000 0000
0000 0000 0000 0000 0000 0000 0000 0000
0000 0000 0000 0000 0000 0000 0000 0000
0000 0000 0000 0000 0000 0000 0000 0000
0000 0000 0000 0000 0000 0000 0000 0000
0000 0000 0000 0000 0000 0000 0000 0000
0000 0000 0000 0000 0000 0000 0000 0000
0000 0000 0000 0000 0000 0000 0000 0000
0000 0000 0000 0000 0000 0000 0000 0000
0000 0000 0000 0000 0000 0000 0000 0000
0000 0000 0000 0000 0000 0000 0000 0000
0000 0000 0000 0000 0000 0000 0000 0000
0000 0000 0000 0000 0000 0000 0000 0000
0000 0000 0000 0000 0000 0000 0000 0000
0000 0000 0000 0000 0000 0000 0000 0000
0000 0000 0000 0000 0000 0000 0000 0000
0000 0000 0000 0000 0000 0000 0000 0000
0000 0000 0000 0000 0000 0000 0000 0000
0000 0000 0000 0000 0000 0000 0000 0000
0000 0000 0000 0000 0000 0000 0000 0000
0000 0000 0000 0000 0000 0000 0000 0000
0000 0000 0000 0000 0000 0000 0000 0000
0000 0000 0000 0000 0000 0000 0000 0000
0000 0000 0000 0000 0000 0000 0000 0000
0000 0000 0000 0000 0000 0000 0000 0000
0000 0000 0000 0000 0000 0000 0000 0000
0000 0000 0000 0000 0000 0000 0000 0000
0000 0000 0000 0000 0000 0000 0000 0000
0000 0000 0000 0000 0000 0000 0000 0000
0000 0000 0000 0000 0000 0000 0000 0000
0000 0000 0000 0000 0000 0000 0000 0000
0000 0000 0000 0000 0000 0000 0000 0000
0000 0000 0000 0000 0000 0000 0000 0000
0000 0000 0000 0000 0000 0000 0000 0000
0000 0000 0000 0000 0000 0000 0000 0000
0000 0000 0000 0000 0000 0000 0000 0000
0000 0000 0000 0000 0000 0000 0000 0000
0000 0000 0000 0000 0000 0000 0000 0000
0000 0000 0000 0000 0000 0000 0000 0000
0000 0000 0000 0000 0000 0000 0000 0000
0000 0000 0000 0000 0000 0000 0000 0000
0000 0000 0000 0000 0000 0000 0000 0000
0000 0000 0000 0000 0000 0000 0000 0000
0000 0000 0000 0000 0000 0000 0000 0000
0000 0000 0000 0000 0000 0000 0000 0000
0000 0000 0000 0000 0000 0000 0000 0000
0000 0000 0000 0000 0000 0000 0000 0000
0000 0000 0000 0000 0000 0000 0000 0000
0000 0000 0000 0000 0000 0000 0000 0000
0000 0000 0000 0000 0000 0000 0000 0000
0000 0000 0000 0000 c011 0000 0000 0000
8011 0000 0000 0000 0100 0000 0000 0000
0100 0000 0000 0000 0100 0000 0000 0000
c700 0000 0000 0000 0c00 0000 0000 0000
0010 0000 0000 0000 0d00 0000 0000 0000
6815 0000 0000 0000 1900 0000 0000 0000
883d 0000 0000 0000 1b00 0000 0000 0000
0800 0000 0000 0000 1a00 0000 0000 0000
903d 0000 0000 0000 1c00 0000 0000 0000
0800 0000 0000 0000 f5fe ff6f 0000 0000
a003 0000 0000 0000 0500 0000 0000 0000
d004 0000 0000 0000 0600 0000 0000 0000
c803 0000 0000 0000 0a00 0000 0000 0000
0501 0000 0000 0000 0b00 0000 0000 0000
1800 0000 0000 0000 1500 0000 0000 0000
0000 0000 0000 0000 0300 0000 0000 0000
983f 0000 0000 0000 0200 0000 0000 0000
7800 0000 0000 0000 1400 0000 0000 0000
0700 0000 0000 0000 1700 0000 0000 0000
2008 0000 0000 0000 0700 0000 0000 0000
1006 0000 0000 0000 0800 0000 0000 0000
1002 0000 0000 0000 0900 0000 0000 0000
1800 0000 0000 0000 1e00 0000 0000 0000
0800 0000 0000 0000 fbff ff6f 0000 0000
0100 0008 0000 0000 feff ff6f 0000 0000
f005 0000 0000 0000 ffff ff6f 0000 0000
0100 0000 0000 0000 f0ff ff6f 0000 0000
d605 0000 0000 0000 f9ff ff6f 0000 0000
1100 0000 0000 0000 0000 0000 0000 0000
0000 0000 0000 0000 0000 0000 0000 0000
0000 0000 0000 0000 0000 0000 0000 0000
0000 0000 0000 0000 0000 0000 0000 0000
0000 0000 0000 0000 0000 0000 0000 0000
0000 0000 0000 0000 983d 0000 0000 0000
0000 0000 0000 0000 0000 0000 0000 0000
3010 0000 0000 0000 4010 0000 0000 0000
5010 0000 0000 0000 6010 0000 0000 0000
7010 0000 0000 0000 0000 0000 0000 0000
0000 0000 0000 0000 0000 0000 0000 0000
0000 0000 0000 0000 0000 0000 0000 0000
0000 0000 0000 0000 0840 0000 0000 0000
0000 0b00 2769 6e74 2700 0000 0000 0000
e020 0000 0000 0000 1900 0000 0300 0000
1040 0000 0000 0000 0000 0000 0000 0000
e020 0000 0000 0000 1e00 0000 0800 0000
1040 0000 0000 0000 0000 0000 0000 0000
e020 0000 0000 0000 1e00 0000 1600 0000
1040 0000 0000 0000 0000 0000 0000 0000
e020 0000 0000 0000 1e00 0000 0300 0000
1040 0000 0000 0000 0000 0000 0000 0000
e020 0000 0000 0000 2000 0000 0300 0000
1040 0000 0000 0000 0000 0000 0000 0000
e020 0000 0000 0000 1600 0000 1c00 0000
1040 0000 0000 0000 0000 0000 0000 0000
e020 0000 0000 0000 2600 0000 0300 0000
1040 0000 0000 0000 4743 433a 2028 5562
756e 7475 2039 2e33 2e30 2d31 3775 6275
6e74 7531 7e32 302e 3034 2920 392e 332e
3000 0000 0000 0000 0000 0000 0000 0000
0000 0000 0000 0000 0000 0000 0000 0000
0000 0000 0300 0100 1803 0000 0000 0000
0000 0000 0000 0000 0000 0000 0300 0200
3803 0000 0000 0000 0000 0000 0000 0000
0000 0000 0300 0300 5803 0000 0000 0000
0000 0000 0000 0000 0000 0000 0300 0400
7c03 0000 0000 0000 0000 0000 0000 0000
0000 0000 0300 0500 a003 0000 0000 0000
0000 0000 0000 0000 0000 0000 0300 0600
c803 0000 0000 0000 0000 0000 0000 0000
0000 0000 0300 0700 d004 0000 0000 0000
0000 0000 0000 0000 0000 0000 0300 0800
d605 0000 0000 0000 0000 0000 0000 0000
0000 0000 0300 0900 f005 0000 0000 0000
0000 0000 0000 0000 0000 0000 0300 0a00
1006 0000 0000 0000 0000 0000 0000 0000
0000 0000 0300 0b00 2008 0000 0000 0000
0000 0000 0000 0000 0000 0000 0300 0c00
0010 0000 0000 0000 0000 0000 0000 0000
0000 0000 0300 0d00 2010 0000 0000 0000
0000 0000 0000 0000 0000 0000 0300 0e00
8010 0000 0000 0000 0000 0000 0000 0000
0000 0000 0300 0f00 9010 0000 0000 0000
0000 0000 0000 0000 0000 0000 0300 1000
e010 0000 0000 0000 0000 0000 0000 0000
0000 0000 0300 1100 6815 0000 0000 0000
0000 0000 0000 0000 0000 0000 0300 1200
0020 0000 0000 0000 0000 0000 0000 0000
0000 0000 0300 1300 ec20 0000 0000 0000
0000 0000 0000 0000 0000 0000 0300 1400
3821 0000 0000 0000 0000 0000 0000 0000
0000 0000 0300 1500 883d 0000 0000 0000
0000 0000 0000 0000 0000 0000 0300 1600
903d 0000 0000 0000 0000 0000 0000 0000
0000 0000 0300 1700 983d 0000 0000 0000
0000 0000 0000 0000 0000 0000 0300 1800
983f 0000 0000 0000 0000 0000 0000 0000
0000 0000 0300 1900 0040 0000 0000 0000
0000 0000 0000 0000 0000 0000 0300 1a00
f840 0000 0000 0000 0000 0000 0000 0000
0000 0000 0300 1b00 0000 0000 0000 0000
0000 0000 0000 0000 0100 0000 0400 f1ff
0000 0000 0000 0000 0000 0000 0000 0000
0c00 0000 0200 1000 1011 0000 0000 0000
0000 0000 0000 0000 0e00 0000 0200 1000
4011 0000 0000 0000 0000 0000 0000 0000
2100 0000 0200 1000 8011 0000 0000 0000
0000 0000 0000 0000 3700 0000 0100 1a00
f840 0000 0000 0000 0100 0000 0000 0000
4600 0000 0100 1600 903d 0000 0000 0000
0000 0000 0000 0000 6d00 0000 0200 1000
c011 0000 0000 0000 0000 0000 0000 0000
7900 0000 0100 1500 883d 0000 0000 0000
0000 0000 0000 0000 9800 0000 0400 f1ff
0000 0000 0000 0000 0000 0000 0000 0000
a300 0000 0400 f1ff 0000 0000 0000 0000
0000 0000 0000 0000 0100 0000 0400 f1ff
0000 0000 0000 0000 0000 0000 0000 0000
ae00 0000 0100 1400 6422 0000 0000 0000
0000 0000 0000 0000 0000 0000 0400 f1ff
0000 0000 0000 0000 0000 0000 0000 0000
bc00 0000 0000 1300 ec20 0000 0000 0000
0000 0000 0000 0000 d101 0000 0200 0c00
0010 0000 0000 0000 0000 0000 0000 0000
cf00 0000 0100 1700 983d 0000 0000 0000
0000 0000 0000 0000 d800 0000 0000 1500
903d 0000 0000 0000 0000 0000 0000 0000
e900 0000 0000 1500 883d 0000 0000 0000
0000 0000 0000 0000 fc00 0000 0100 1800
983f 0000 0000 0000 0000 0000 0000 0000
1201 0000 1200 0000 0000 0000 0000 0000
0000 0000 0000 0000 2601 0000 1000 1900
f840 0000 0000 0000 0000 0000 0000 0000
b001 0000 2000 1900 0040 0000 0000 0000
0000 0000 0000 0000 2d01 0000 1100 1200
0020 0000 0000 0000 0400 0000 0000 0000
3c01 0000 2200 0000 0000 0000 0000 0000
0000 0000 0000 0000 5801 0000 1200 1000
c911 0000 0000 0000 3b01 0000 0000 0000
5d01 0000 1102 1900 0840 0000 0000 0000
0000 0000 0000 0000 0302 0000 1202 1100
6815 0000 0000 0000 0000 0000 0000 0000
6a01 0000 1200 0000 0000 0000 0000 0000
0000 0000 0000 0000 b401 0000 1200 1000
e010 0000 0000 0000 2f00 0000 0000 0000
8601 0000 1102 1900 f840 0000 0000 0000
0000 0000 0000 0000 9201 0000 1200 0000
0000 0000 0000 0000 0000 0000 0000 0000
ae01 0000 1000 1900 0040 0000 0000 0000
0000 0000 0000 0000 e400 0000 1000 1a00
0041 0000 0000 0000 0000 0000 0000 0000
bb01 0000 1000 1a00 f840 0000 0000 0000
0000 0000 0000 0000 c701 0000 1200 1000
f014 0000 0000 0000 6500 0000 0000 0000
d701 0000 1200 1000 0413 0000 0000 0000
e501 0000 0000 0000 dd01 0000 2000 0000
0000 0000 0000 0000 0000 0000 0000 0000
f901 0000 1200 1000 6015 0000 0000 0000
0500 0000 0000 0000 0902 0000 1200 0000
0000 0000 0000 0000 0000 0000 0000 0000
2802 0000 2000 0000 0000 0000 0000 0000
0000 0000 0000 0000 3702 0000 1200 0000
0000 0000 0000 0000 0000 0000 0000 0000
5602 0000 2000 0000 0000 0000 0000 0000
0000 0000 0000 0000 7002 0000 1200 0000
0000 0000 0000 0000 0000 0000 0000 0000
0063 7274 7374 7566 662e 6300 6465 7265
6769 7374 6572 5f74 6d5f 636c 6f6e 6573
005f 5f64 6f5f 676c 6f62 616c 5f64 746f
7273 5f61 7578 0063 6f6d 706c 6574 6564
2e38 3036 3000 5f5f 646f 5f67 6c6f 6261
6c5f 6474 6f72 735f 6175 785f 6669 6e69
5f61 7272 6179 5f65 6e74 7279 0066 7261
6d65 5f64 756d 6d79 005f 5f66 7261 6d65
5f64 756d 6d79 5f69 6e69 745f 6172 7261
795f 656e 7472 7900 3130 302d 6d61 696e
2e63 0031 3030 2d61 746f 692e 6300 5f5f
4652 414d 455f 454e 445f 5f00 5f5f 474e
555f 4548 5f46 5241 4d45 5f48 4452 005f
4459 4e41 4d49 4300 5f5f 696e 6974 5f61
7272 6179 5f65 6e64 005f 5f69 6e69 745f
6172 7261 795f 7374 6172 7400 5f47 4c4f
4241 4c5f 4f46 4653 4554 5f54 4142 4c45
5f00 7072 696e 7466 4040 474c 4942 435f
322e 322e 3500 5f65 6461 7461 005f 494f
5f73 7464 696e 5f75 7365 6400 5f5f 6378
615f 6669 6e61 6c69 7a65 4040 474c 4942
435f 322e 322e 3500 6d61 696e 005f 5f64
736f 5f68 616e 646c 6500 5f5f 7562 7361
6e5f 6861 6e64 6c65 5f6d 756c 5f6f 7665
7266 6c6f 7700 5f5f 544d 435f 454e 445f
5f00 5f5f 7562 7361 6e5f 6861 6e64 6c65
5f73 7562 5f6f 7665 7266 6c6f 7700 5f5f
6461 7461 5f73 7461 7274 005f 5f62 7373
5f73 7461 7274 005f 5f6c 6962 635f 6373
755f 696e 6974 005f 6174 6f69 005f 4954
4d5f 6465 7265 6769 7374 6572 544d 436c
6f6e 6554 6162 6c65 005f 5f6c 6962 635f
6373 755f 6669 6e69 005f 5f6c 6962 635f
7374 6172 745f 6d61 696e 4040 474c 4942
435f 322e 322e 3500 5f5f 676d 6f6e 5f73
7461 7274 5f5f 005f 5f75 6273 616e 5f68
616e 646c 655f 6e65 6761 7465 5f6f 7665
7266 6c6f 7700 5f49 544d 5f72 6567 6973
7465 7254 4d43 6c6f 6e65 5461 626c 6500
5f5f 7562 7361 6e5f 6861 6e64 6c65 5f61
6464 5f6f 7665 7266 6c6f 7700 002e 7379
6d74 6162 002e 7374 7274 6162 002e 7368
7374 7274 6162 002e 696e 7465 7270 002e
6e6f 7465 2e67 6e75 2e70 726f 7065 7274
7900 2e6e 6f74 652e 676e 752e 6275 696c
642d 6964 002e 6e6f 7465 2e41 4249 2d74
6167 002e 676e 752e 6861 7368 002e 6479
6e73 796d 002e 6479 6e73 7472 002e 676e
752e 7665 7273 696f 6e00 2e67 6e75 2e76
6572 7369 6f6e 5f72 002e 7265 6c61 2e64
796e 002e 7265 6c61 2e70 6c74 002e 696e
6974 002e 706c 742e 676f 7400 2e70 6c74
2e73 6563 002e 7465 7874 002e 6669 6e69
002e 726f 6461 7461 002e 6568 5f66 7261
6d65 5f68 6472 002e 6568 5f66 7261 6d65
002e 696e 6974 5f61 7272 6179 002e 6669
6e69 5f61 7272 6179 002e 6479 6e61 6d69
6300 2e64 6174 6100 2e62 7373 002e 636f
6d6d 656e 7400 0000 0000 0000 0000 0000
0000 0000 0000 0000 0000 0000 0000 0000
0000 0000 0000 0000 0000 0000 0000 0000
0000 0000 0000 0000 0000 0000 0000 0000
0000 0000 0000 0000 1b00 0000 0100 0000
0200 0000 0000 0000 1803 0000 0000 0000
1803 0000 0000 0000 1c00 0000 0000 0000
0000 0000 0000 0000 0100 0000 0000 0000
0000 0000 0000 0000 2300 0000 0700 0000
0200 0000 0000 0000 3803 0000 0000 0000
3803 0000 0000 0000 2000 0000 0000 0000
0000 0000 0000 0000 0800 0000 0000 0000
0000 0000 0000 0000 3600 0000 0700 0000
0200 0000 0000 0000 5803 0000 0000 0000
5803 0000 0000 0000 2400 0000 0000 0000
0000 0000 0000 0000 0400 0000 0000 0000
0000 0000 0000 0000 4900 0000 0700 0000
0200 0000 0000 0000 7c03 0000 0000 0000
7c03 0000 0000 0000 2000 0000 0000 0000
0000 0000 0000 0000 0400 0000 0000 0000
0000 0000 0000 0000 5700 0000 f6ff ff6f
0200 0000 0000 0000 a003 0000 0000 0000
a003 0000 0000 0000 2400 0000 0000 0000
0600 0000 0000 0000 0800 0000 0000 0000
0000 0000 0000 0000 6100 0000 0b00 0000
0200 0000 0000 0000 c803 0000 0000 0000
c803 0000 0000 0000 0801 0000 0000 0000
0700 0000 0100 0000 0800 0000 0000 0000
1800 0000 0000 0000 6900 0000 0300 0000
0200 0000 0000 0000 d004 0000 0000 0000
d004 0000 0000 0000 0501 0000 0000 0000
0000 0000 0000 0000 0100 0000 0000 0000
0000 0000 0000 0000 7100 0000 ffff ff6f
0200 0000 0000 0000 d605 0000 0000 0000
d605 0000 0000 0000 1600 0000 0000 0000
0600 0000 0000 0000 0200 0000 0000 0000
0200 0000 0000 0000 7e00 0000 feff ff6f
0200 0000 0000 0000 f005 0000 0000 0000
f005 0000 0000 0000 2000 0000 0000 0000
0700 0000 0100 0000 0800 0000 0000 0000
0000 0000 0000 0000 8d00 0000 0400 0000
0200 0000 0000 0000 1006 0000 0000 0000
1006 0000 0000 0000 1002 0000 0000 0000
0600 0000 0000 0000 0800 0000 0000 0000
1800 0000 0000 0000 9700 0000 0400 0000
4200 0000 0000 0000 2008 0000 0000 0000
2008 0000 0000 0000 7800 0000 0000 0000
0600 0000 1800 0000 0800 0000 0000 0000
1800 0000 0000 0000 a100 0000 0100 0000
0600 0000 0000 0000 0010 0000 0000 0000
0010 0000 0000 0000 1b00 0000 0000 0000
0000 0000 0000 0000 0400 0000 0000 0000
0000 0000 0000 0000 9c00 0000 0100 0000
0600 0000 0000 0000 2010 0000 0000 0000
2010 0000 0000 0000 6000 0000 0000 0000
0000 0000 0000 0000 1000 0000 0000 0000
1000 0000 0000 0000 a700 0000 0100 0000
0600 0000 0000 0000 8010 0000 0000 0000
8010 0000 0000 0000 1000 0000 0000 0000
0000 0000 0000 0000 1000 0000 0000 0000
1000 0000 0000 0000 b000 0000 0100 0000
0600 0000 0000 0000 9010 0000 0000 0000
9010 0000 0000 0000 5000 0000 0000 0000
0000 0000 0000 0000 1000 0000 0000 0000
1000 0000 0000 0000 b900 0000 0100 0000
0600 0000 0000 0000 e010 0000 0000 0000
e010 0000 0000 0000 8504 0000 0000 0000
0000 0000 0000 0000 1000 0000 0000 0000
0000 0000 0000 0000 bf00 0000 0100 0000
0600 0000 0000 0000 6815 0000 0000 0000
6815 0000 0000 0000 0d00 0000 0000 0000
0000 0000 0000 0000 0400 0000 0000 0000
0000 0000 0000 0000 c500 0000 0100 0000
0200 0000 0000 0000 0020 0000 0000 0000
0020 0000 0000 0000 eb00 0000 0000 0000
0000 0000 0000 0000 0800 0000 0000 0000
0000 0000 0000 0000 cd00 0000 0100 0000
0200 0000 0000 0000 ec20 0000 0000 0000
ec20 0000 0000 0000 4c00 0000 0000 0000
0000 0000 0000 0000 0400 0000 0000 0000
0000 0000 0000 0000 db00 0000 0100 0000
0200 0000 0000 0000 3821 0000 0000 0000
3821 0000 0000 0000 3001 0000 0000 0000
0000 0000 0000 0000 0800 0000 0000 0000
0000 0000 0000 0000 e500 0000 0e00 0000
0300 0000 0000 0000 883d 0000 0000 0000
882d 0000 0000 0000 0800 0000 0000 0000
0000 0000 0000 0000 0800 0000 0000 0000
0800 0000 0000 0000 f100 0000 0f00 0000
0300 0000 0000 0000 903d 0000 0000 0000
902d 0000 0000 0000 0800 0000 0000 0000
0000 0000 0000 0000 0800 0000 0000 0000
0800 0000 0000 0000 fd00 0000 0600 0000
0300 0000 0000 0000 983d 0000 0000 0000
982d 0000 0000 0000 0002 0000 0000 0000
0700 0000 0000 0000 0800 0000 0000 0000
1000 0000 0000 0000 ab00 0000 0100 0000
0300 0000 0000 0000 983f 0000 0000 0000
982f 0000 0000 0000 6800 0000 0000 0000
0000 0000 0000 0000 0800 0000 0000 0000
0800 0000 0000 0000 0601 0000 0100 0000
0300 0000 0000 0000 0040 0000 0000 0000
0030 0000 0000 0000 f800 0000 0000 0000
0000 0000 0000 0000 1000 0000 0000 0000
0000 0000 0000 0000 0c01 0000 0800 0000
0300 0000 0000 0000 f840 0000 0000 0000
f830 0000 0000 0000 0800 0000 0000 0000
0000 0000 0000 0000 0100 0000 0000 0000
0000 0000 0000 0000 1101 0000 0100 0000
3000 0000 0000 0000 0000 0000 0000 0000
f830 0000 0000 0000 2a00 0000 0000 0000
0000 0000 0000 0000 0100 0000 0000 0000
0100 0000 0000 0000 0100 0000 0200 0000
0000 0000 0000 0000 0000 0000 0000 0000
2831 0000 0000 0000 a806 0000 0000 0000
1d00 0000 2f00 0000 0800 0000 0000 0000
1800 0000 0000 0000 0900 0000 0300 0000
0000 0000 0000 0000 0000 0000 0000 0000
d037 0000 0000 0000 8c02 0000 0000 0000
0000 0000 0000 0000 0100 0000 0000 0000
0000 0000 0000 0000 1100 0000 0300 0000
0000 0000 0000 0000 0000 0000 0000 0000
5c3a 0000 0000 0000 1a01 0000 0000 0000
0000 0000 0000 0000 0100 0000 0000 0000
0000 0000 0000 0000 