7f45 4c46 0201 0100 0000 0000 0000 0000
0300 3e00 0100 0000 6010 0000 0000 0000
4000 0000 0000 0000 083a 0000 0000 0000
0000 0000 4000 3800 0d00 4000 1f00 1e00
0600 0000 0400 0000 4000 0000 0000 0000
4000 0000 0000 0000 4000 0000 0000 0000
d802 0000 0000 0000 d802 0000 0000 0000
0800 0000 0000 0000 0300 0000 0400 0000
1803 0000 0000 0000 1803 0000 0000 0000
1803 0000 0000 0000 1c00 0000 0000 0000
1c00 0000 0000 0000 0100 0000 0000 0000
0100 0000 0400 0000 0000 0000 0000 0000
0000 0000 0000 0000 0000 0000 0000 0000
0006 0000 0000 0000 0006 0000 0000 0000
0010 0000 0000 0000 0100 0000 0500 0000
0010 0000 0000 0000 0010 0000 0000 0000
0010 0000 0000 0000 9502 0000 0000 0000
9502 0000 0000 0000 0010 0000 0000 0000
0100 0000 0400 0000 0020 0000 0000 0000
0020 0000 0000 0000 0020 0000 0000 0000
e801 0000 0000 0000 e801 0000 0000 0000
0010 0000 0000 0000 0100 0000 0600 0000
b82d 0000 0000 0000 b83d 0000 0000 0000
b83d 0000 0000 0000 5802 0000 0000 0000
6002 0000 0000 0000 0010 0000 0000 0000
0200 0000 0600 0000 c82d 0000 0000 0000
c83d 0000 0000 0000 c83d 0000 0000 0000
f001 0000 0000 0000 f001 0000 0000 0000
0800 0000 0000 0000 0400 0000 0400 0000
3803 0000 0000 0000 3803 0000 0000 0000
3803 0000 0000 0000 2000 0000 0000 0000
2000 0000 0000 0000 0800 0000 0000 0000
0400 0000 0400 0000 5803 0000 0000 0000
5803 0000 0000 0000 5803 0000 0000 0000
4400 0000 0000 0000 4400 0000 0000 0000
0400 0000 0000 0000 53e5 7464 0400 0000
3803 0000 0000 0000 3803 0000 0000 0000
3803 0000 0000 0000 2000 0000 0000 0000
2000 0000 0000 0000 0800 0000 0000 0000
50e5 7464 0400 0000 4820 0000 0000 0000
4820 0000 0000 0000 4820 0000 0000 0000
5400 0000 0000 0000 5400 0000 0000 0000
0400 0000 0000 0000 51e5 7464 0600 0000
0000 0000 0000 0000 0000 0000 0000 0000
0000 0000 0000 0000 0000 0000 0000 0000
0000 0000 0000 0000 1000 0000 0000 0000
52e5 7464 0400 0000 b82d 0000 0000 0000
b83d 0000 0000 0000 b83d 0000 0000 0000
4802 0000 0000 0000 4802 0000 0000 0000
0100 0000 0000 0000 2f6c 6962 3634 2f6c
642d 6c69 6e75 782d 7838 362d 3634 2e73
6f2e 3200 0000 0000 0400 0000 1000 0000
0500 0000 474e 5500 0200 00c0 0400 0000
0300 0000 0000 0000 0400 0000 1400 0000
0300 0000 474e 5500 fd31 e1fa b540 c9d3
c12d 5bb3 6178 ca01 038b 2e8c 0400 0000
1000 0000 0100 0000 474e 5500 0000 0000
0300 0000 0200 0000 0000 0000 0000 0000
0200 0000 0600 0000 0100 0000 0600 0000
0000 8100 0000 0000 0600 0000 0000 0000
d165 ce6d 0000 0000 0000 0000 0000 0000
0000 0000 0000 0000 0000 0000 0000 0000
3e00 0000 2000 0000 0000 0000 0000 0000
0000 0000 0000 0000 2c00 0000 1200 0000
0000 0000 0000 0000 0000 0000 0000 0000
1a00 0000 1200 0000 0000 0000 0000 0000
0000 0000 0000 0000 5a00 0000 2000 0000
0000 0000 0000 0000 0000 0000 0000 0000
6900 0000 2000 0000 0000 0000 0000 0000
0000 0000 0000 0000 0b00 0000 2200 0000
0000 0000 0000 0000 0000 0000 0000 0000
006c 6962 632e 736f 2e36 005f 5f63 7861
5f66 696e 616c 697a 6500 5f5f 6c69 6263
5f73 7461 7274 5f6d 6169 6e00 7772 6974
6500 474c 4942 435f 322e 322e 3500 5f49
544d 5f64 6572 6567 6973 7465 7254 4d43
6c6f 6e65 5461 626c 6500 5f5f 676d 6f6e
5f73 7461 7274 5f5f 005f 4954 4d5f 7265
6769 7374 6572 544d 436c 6f6e 6554 6162
6c65 0000 0000 0000 0200 0200 0000 0000
0200 0000 0000 0000 0100 0100 0100 0000
1000 0000 0000 0000 751a 6909 0000 0200
3200 0000 0000 0000 b83d 0000 0000 0000
0800 0000 0000 0000 4011 0000 0000 0000
c03d 0000 0000 0000 0800 0000 0000 0000
0011 0000 0000 0000 0840 0000 0000 0000
0800 0000 0000 0000 0840 0000 0000 0000
d83f 0000 0000 0000 0600 0000 0100 0000
0000 0000 0000 0000 e03f 0000 0000 0000
0600 0000 0300 0000 0000 0000 0000 0000
e83f 0000 0000 0000 0600 0000 0400 0000
0000 0000 0000 0000 f03f 0000 0000 0000
0600 0000 0500 0000 0000 0000 0000 0000
f83f 0000 0000 0000 0600 0000 0600 0000
0000 0000 0000 0000 d03f 0000 0000 0000
0700 0000 0200 0000 0000 0000 0000 0000
0000 0000 0000 0000 0000 0000 0000 0000
0000 0000 0000 0000 0000 0000 0000 0000
0000 0000 0000 0000 0000 0000 0000 0000
0000 0000 0000 0000 0000 0000 0000 0000
0000 0000 0000 0000 0000 0000 0000 0000
0000 0000 0000 0000 0000 0000 0000 0000
0000 0000 0000 0000 0000 0000 0000 0000
0000 0000 0000 0000 0000 0000 0000 0000
0000 0000 0000 0000 0000 0000 0000 0000
0000 0000 0000 0000 0000 0000 0000 0000
0000 0000 0000 0000 0000 0000 0000 0000
0000 0000 0000 0000 0000 0000 0000 0000
0000 0000 0000 0000 0000 0000 0000 0000
0000 0000 0000 0000 0000 0000 0000 0000
0000 0000 0000 0000 0000 0000 0000 0000
0000 0000 0000 0000 0000 0000 0000 0000
0000 0000 0000 0000 0000 0000 0000 0000
0000 0000 0000 0000 0000 0000 0000 0000
0000 0000 0000 0000 0000 0000 0000 0000
0000 0000 0000 0000 0000 0000 0000 0000
0000 0000 0000 0000 0000 0000 0000 0000
0000 0000 0000 0000 0000 0000 0000 0000
0000 0000 0000 0000 0000 0000 0000 0000
0000 0000 0000 0000 0000 0000 0000 0000
0000 0000 0000 0000 0000 0000 0000 0000
0000 0000 0000 0000 0000 0000 0000 0000
0000 0000 0000 0000 0000 0000 0000 0000
0000 0000 0000 0000 0000 0000 0000 0000
0000 0000 0000 0000 0000 0000 0000 0000
0000 0000 0000 0000 0000 0000 0000 0000
0000 0000 0000 0000 0000 0000 0000 0000
0000 0000 0000 0000 0000 0000 0000 0000
0000 0000 0000 0000 0000 0000 0000 0000
0000 0000 0000 0000 0000 0000 0000 0000
0000 0000 0000 0000 0000 0000 0000 0000
0000 0000 0000 0000 0000 0000 0000 0000
0000 0000 0000 0000 0000 0000 0000 0000
0000 0000 0000 0000 0000 0000 0000 0000
0000 0000 0000 0000 0000 0000 0000 0000
0000 0000 0000 0000 0000 0000 0000 0000
0000 0000 0000 0000 0000 0000 0000 0000
0000 0000 0000 0000 0000 0000 0000 0000
0000 0000 0000 0000 0000 0000 0000 0000
0000 0000 0000 0000 0000 0000 0000 0000
0000 0000 0000 0000 0000 0000 0000 0000
0000 0000 0000 0000 0000 0000 0000 0000
0000 0000 0000 0000 0000 0000 0000 0000
0000 0000 0000 0000 0000 0000 0000 0000
0000 0000 0000 0000 0000 0000 0000 0000
0000 0000 0000 0000 0000 0000 0000 0000
0000 0000 0000 0000 0000 0000 0000 0000
0000 0000 0000 0000 0000 0000 0000 0000
0000 0000 0000 0000 0000 0000 0000 0000
0000 0000 0000 0000 0000 0000 0000 0000
0000 0000 0000 0000 0000 0000 0000 0000
0000 0000 0000 0000 0000 0000 0000 0000
0000 0000 0000 0000 0000 0000 0000 0000
0000 0000 0000 0000 0000 0000 0000 0000
0000 0000 0000 0000 0000 0000 0000 0000
0000 0000 0000 0000 0000 0000 0000 0000
0000 0000 0000 0000 0000 0000 0000 0000
0000 0000 0000 0000 0000 0000 0000 0000
0000 0000 0000 0000 0000 0000 0000 0000
0000 0000 0000 0000 0000 0000 0000 0000
0000 0000 0000 0000 0000 0000 0000 0000
0000 0000 0000 0000 0000 0000 0000 0000
0000 0000 0000 0000 0000 0000 0000 0000
0000 0000 0000 0000 0000 0000 0000 0000
0000 0000 0000 0000 0000 0000 0000 0000
0000 0000 0000 0000 0000 0000 0000 0000
0000 0000 0000 0000 0000 0000 0000 0000
0000 0000 0000 0000 0000 0000 0000 0000
0000 0000 0000 0000 0000 0000 0000 0000
0000 0000 0000 0000 0000 0000 0000 0000
0000 0000 0000 0000 0000 0000 0000 0000
0000 0000 0000 0000 0000 0000 0000 0000
0000 0000 0000 0000 0000 0000 0000 0000
0000 0000 0000 0000 0000 0000 0000 0000
0000 0000 0000 0000 0000 0000 0000 0000
0000 0000 0000 0000 0000 0000 0000 0000
0000 0000 0000 0000 0000 0000 0000 0000
0000 0000 0000 0000 0000 0000 0000 0000
0000 0000 0000 0000 0000 0000 0000 0000
0000 0000 0000 0000 0000 0000 0000 0000
0000 0000 0000 0000 0000 0000 0000 0000
0000 0000 0000 0000 0000 0000 0000 0000
0000 0000 0000 0000 0000 0000 0000 0000
0000 0000 0000 0000 0000 0000 0000 0000
0000 0000 0000 0000 0000 0000 0000 0000
0000 0000 0000 0000 0000 0000 0000 0000
0000 0000 0000 0000 0000 0000 0000 0000
0000 0000 0000 0000 0000 0000 0000 0000
0000 0000 0000 0000 0000 0000 0000 0000
0000 0000 0000 0000 0000 0000 0000 0000
0000 0000 0000 0000 0000 0000 0000 0000
0000 0000 0000 0000 0000 0000 0000 0000
0000 0000 0000 0000 0000 0000 0000 0000
0000 0000 0000 0000 0000 0000 0000 0000
0000 0000 0000 0000 0000 0000 0000 0000
0000 0000 0000 0000 0000 0000 0000 0000
0000 0000 0000 0000 0000 0000 0000 0000
0000 0000 0000 0000 0000 0000 0000 0000
0000 0000 0000 0000 0000 0000 0000 0000
0000 0000 0000 0000 0000 0000 0000 0000
0000 0000 0000 0000 0000 0000 0000 0000
0000 0000 0000 0000 0000 0000 0000 0000
0000 0000 0000 0000 0000 0000 0000 0000
0000 0000 0000 0000 0000 0000 0000 0000
0000 0000 0000 0000 0000 0000 0000 0000
0000 0000 0000 0000 0000 0000 0000 0000
0000 0000 0000 0000 0000 0000 0000 0000
0000 0000 0000 0000 0000 0000 0000 0000
0000 0000 0000 0000 0000 0000 0000 0000
0000 0000 0000 0000 0000 0000 0000 0000
0000 0000 0000 0000 0000 0000 0000 0000
0000 0000 0000 0000 0000 0000 0000 0000
0000 0000 0000 0000 0000 0000 0000 0000
0000 0000 0000 0000 0000 0000 0000 0000
0000 0000 0000 0000 0000 0000 0000 0000
0000 0000 0000 0000 0000 0000 0000 0000
0000 0000 0000 0000 0000 0000 0000 0000
0000 0000 0000 0000 0000 0000 0000 0000
0000 0000 0000 0000 0000 0000 0000 0000
0000 0000 0000 0000 0000 0000 0000 0000
0000 0000 0000 0000 0000 0000 0000 0000
0000 0000 0000 0000 0000 0000 0000 0000
0000 0000 0000 0000 0000 0000 0000 0000
0000 0000 0000 0000 0000 0000 0000 0000
0000 0000 0000 0000 0000 0000 0000 0000
0000 0000 0000 0000 0000 0000 0000 0000
0000 0000 0000 0000 0000 0000 0000 0000
0000 0000 0000 0000 0000 0000 0000 0000
0000 0000 0000 0000 0000 0000 0000 0000
0000 0000 0000 0000 0000 0000 0000 0000
0000 0000 0000 0000 0000 0000 0000 0000
0000 0000 0000 0000 0000 0000 0000 0000
0000 0000 0000 0000 0000 0000 0000 0000
0000 0000 0000 0000 0000 0000 0000 0000
0000 0000 0000 0000 0000 0000 0000 0000
0000 0000 0000 0000 0000 0000 0000 0000
0000 0000 0000 0000 0000 0000 0000 0000
0000 0000 0000 0000 0000 0000 0000 0000
0000 0000 0000 0000 0000 0000 0000 0000
0000 0000 0000 0000 0000 0000 0000 0000
0000 0000 0000 0000 0000 0000 0000 0000
0000 0000 0000 0000 0000 0000 0000 0000
0000 0000 0000 0000 0000 0000 0000 0000
0000 0000 0000 0000 0000 0000 0000 0000
0000 0000 0000 0000 0000 0000 0000 0000
0000 0000 0000 0000 0000 0000 0000 0000
0000 0000 0000 0000 0000 0000 0000 0000
0000 0000 0000 0000 0000 0000 0000 0000
0000 0000 0000 0000 0000 0000 0000 0000
0000 0000 0000 0000 0000 0000 0000 0000
0000 0000 0000 0000 0000 0000 0000 0000
0000 0000 0000 0000 0000 0000 0000 0000
0000 0000 0000 0000 0000 0000 0000 0000
0000 0000 0000 0000 0000 0000 0000 0000
0000 0000 0000 0000 0000 0000 0000 0000
0000 0000 0000 0000 0000 0000 0000 0000
f30f 1efa 4883 ec08 488b 05d9 2f00 0048
85c0 7402 ffd0 4883 c408 c300 0000 0000
ff35 9a2f 0000 f2ff 259b 2f00 000f 1f00
f30f 1efa 6800 0000 00f2 e9e1 ffff ff90
f30f 1efa f2ff 25ad 2f00 000f 1f44 0000
f30f 1efa f2ff 2575 2f00 000f 1f44 0000
f30f 1efa 31ed 4989 d15e 4889 e248 83e4
f050 544c 8d05 0602 0000 488d 0d8f 0100
0048 8d3d ea00 0000 ff15 522f 0000 f490
488d 3d79 2f00 0048 8d05 722f 0000 4839
f874 1548 8b05 2e2f 0000 4885 c074 09ff
e00f 1f80 0000 0000 c30f 1f80 0000 0000
488d 3d49 2f00 0048 8d35 422f 0000 4829
fe48 89f0 48c1 ee3f 48c1 f803 4801 c648
d1fe 7414 488b 0505 2f00 0048 85c0 7408
ffe0 660f 1f44 0000 c30f 1f80 0000 0000
f30f 1efa 803d 052f 0000 0075 2b55 4883
3de2 2e00 0000 4889 e574 0c48 8b3d e62e
0000 e819 ffff ffe8 64ff ffff c605 dd2e
0000 015d c30f 1f00 c30f 1f80 0000 0000
f30f 1efa e977 ffff fff3 0f1e fa55 4889
e548 83ec 1089 f888 45fc 488d 45fc ba01
0000 0048 89c6 bf01 0000 00e8 e0fe ffff
c9c3 f30f 1efa 5548 89e5 4883 ec10 488d
0583 0e00 0048 8945 f848 8b45 f848 89c7
e807 0000 00b8 0000 0000 c9c3 f30f 1efa
5548 89e5 4883 ec20 4889 7de8 c745 fc00
0000 00eb 0483 45fc 018b 45fc 4863 d048
8b45 e848 01d0 0fb6 0084 c075 e883 6dfc
01eb 1e8b 45fc 4863 d048 8b45 e848 01d0
0fb6 000f bec0 89c7 e85c ffff ff83 6dfc
0183 7dfc 0079 dcbf 0a00 0000 e848 ffff
ff90 c9c3 662e 0f1f 8400 0000 0000 6690
f30f 1efa 4157 4c8d 3d9b 2b00 0041 5649
89d6 4155 4989 f541 5441 89fc 5548 8d2d
8c2b 0000 534c 29fd 4883 ec08 e8bf fdff
ff48 c1fd 0374 1f31 db0f 1f80 0000 0000
4c89 f24c 89ee 4489 e741 ff14 df48 83c3
0148 39dd 75ea 4883 c408 5b5d 415c 415d
415e 415f c366 662e 0f1f 8400 0000 0000
f30f 1efa c300 0000 f30f 1efa 4883 ec08
4883 c408 c300 0000 0000 0000 0000 0000
0000 0000 0000 0000 0000 0000 0000 0000
0000 0000 0000 0000 0000 0000 0000 0000
0000 0000 0000 0000 0000 0000 0000 0000
0000 0000 0000 0000 0000 0000 0000 0000
0000 0000 0000 0000 0000 0000 0000 0000
0000 0000 0000 0000 0000 0000 0000 0000
0000 0000 0000 0000 0000 0000 0000 0000
0000 0000 0000 0000 0000 0000 0000 0000
0000 0000 0000 0000 0000 0000 0000 0000
0000 0000 0000 0000 0000 0000 0000 0000
0000 0000 0000 0000 0000 0000 0000 0000
0000 0000 0000 0000 0000 0000 0000 0000
0000 0000 0000 0000 0000 0000 0000 0000
0000 0000 0000 0000 0000 0000 0000 0000
0000 0000 0000 0000 0000 0000 0000 0000
0000 0000 0000 0000 0000 0000 0000 0000
0000 0000 0000 0000 0000 0000 0000 0000
0000 0000 0000 0000 0000 0000 0000 0000
0000 0000 0000 0000 0000 0000 0000 0000
0000 0000 0000 0000 0000 0000 0000 0000
0000 0000 0000 0000 0000 0000 0000 0000
0000 0000 0000 0000 0000 0000 0000 0000
0000 0000 0000 0000 0000 0000 0000 0000
0000 0000 0000 0000 0000 0000 0000 0000
0000 0000 0000 0000 0000 0000 0000 0000
0000 0000 0000 0000 0000 0000 0000 0000
0000 0000 0000 0000 0000 0000 0000 0000
0000 0000 0000 0000 0000 0000 0000 0000
0000 0000 0000 0000 0000 0000 0000 0000
0000 0000 0000 0000 0000 0000 0000 0000
0000 0000 0000 0000 0000 0000 0000 0000
0000 0000 0000 0000 0000 0000 0000 0000
0000 0000 0000 0000 0000 0000 0000 0000
0000 0000 0000 0000 0000 0000 0000 0000
0000 0000 0000 0000 0000 0000 0000 0000
0000 0000 0000 0000 0000 0000 0000 0000
0000 0000 0000 0000 0000 0000 0000 0000
0000 0000 0000 0000 0000 0000 0000 0000
0000 0000 0000 0000 0000 0000 0000 0000
0000 0000 0000 0000 0000 0000 0000 0000
0000 0000 0000 0000 0000 0000 0000 0000
0000 0000 0000 0000 0000 0000 0000 0000
0000 0000 0000 0000 0000 0000 0000 0000
0000 0000 0000 0000 0000 0000 0000 0000
0000 0000 0000 0000 0000 0000 0000 0000
0000 0000 0000 0000 0000 0000 0000 0000
0000 0000 0000 0000 0000 0000 0000 0000
0000 0000 0000 0000 0000 0000 0000 0000
0000 0000 0000 0000 0000 0000 0000 0000
0000 0000 0000 0000 0000 0000 0000 0000
0000 0000 0000 0000 0000 0000 0000 0000
0000 0000 0000 0000 0000 0000 0000 0000
0000 0000 0000 0000 0000 0000 0000 0000
0000 0000 0000 0000 0000 0000 0000 0000
0000 0000 0000 0000 0000 0000 0000 0000
0000 0000 0000 0000 0000 0000 0000 0000
0000 0000 0000 0000 0000 0000 0000 0000
0000 0000 0000 0000 0000 0000 0000 0000
0000 0000 0000 0000 0000 0000 0000 0000
0000 0000 0000 0000 0000 0000 0000 0000
0000 0000 0000 0000 0000 0000 0000 0000
0000 0000 0000 0000 0000 0000 0000 0000
0000 0000 0000 0000 0000 0000 0000 0000
0000 0000 0000 0000 0000 0000 0000 0000
0000 0000 0000 0000 0000 0000 0000 0000
0000 0000 0000 0000 0000 0000 0000 0000
0000 0000 0000 0000 0000 0000 0000 0000
0000 0000 0000 0000 0000 0000 0000 0000
0000 0000 0000 0000 0000 0000 0000 0000
0000 0000 0000 0000 0000 0000 0000 0000
0000 0000 0000 0000 0000 0000 0000 0000
0000 0000 0000 0000 0000 0000 0000 0000
0000 0000 0000 0000 0000 0000 0000 0000
0000 0000 0000 0000 0000 0000 0000 0000
0000 0000 0000 0000 0000 0000 0000 0000
0000 0000 0000 0000 0000 0000 0000 0000
0000 0000 0000 0000 0000 0000 0000 0000
0000 0000 0000 0000 0000 0000 0000 0000
0000 0000 0000 0000 0000 0000 0000 0000
0000 0000 0000 0000 0000 0000 0000 0000
0000 0000 0000 0000 0000 0000 0000 0000
0000 0000 0000 0000 0000 0000 0000 0000
0000 0000 0000 0000 0000 0000 0000 0000
0000 0000 0000 0000 0000 0000 0000 0000
0000 0000 0000 0000 0000 0000 0000 0000
0000 0000 0000 0000 0000 0000 0000 0000
0000 0000 0000 0000 0000 0000 0000 0000
0000 0000 0000 0000 0000 0000 0000 0000
0000 0000 0000 0000 0000 0000 0000 0000
0000 0000 0000 0000 0000 0000 0000 0000
0000 0000 0000 0000 0000 0000 0000 0000
0000 0000 0000 0000 0000 0000 0000 0000
0000 0000 0000 0000 0000 0000 0000 0000
0000 0000 0000 0000 0000 0000 0000 0000
0000 0000 0000 0000 0000 0000 0000 0000
0000 0000 0000 0000 0000 0000 0000 0000
0000 0000 0000 0000 0000 0000 0000 0000
0000 0000 0000 0000 0000 0000 0000 0000
0000 0000 0000 0000 0000 0000 0000 0000
0000 0000 0000 0000 0000 0000 0000 0000
0000 0000 0000 0000 0000 0000 0000 0000
0000 0000 0000 0000 0000 0000 0000 0000
0000 0000 0000 0000 0000 0000 0000 0000
0000 0000 0000 0000 0000 0000 0000 0000
0000 0000 0000 0000 0000 0000 0000 0000
0000 0000 0000 0000 0000 0000 0000 0000
0000 0000 0000 0000 0000 0000 0000 0000
0000 0000 0000 0000 0000 0000 0000 0000
0000 0000 0000 0000 0000 0000 0000 0000
0000 0000 0000 0000 0000 0000 0000 0000
0000 0000 0000 0000 0000 0000 0000 0000
0000 0000 0000 0000 0000 0000 0000 0000
0000 0000 0000 0000 0000 0000 0000 0000
0000 0000 0000 0000 0000 0000 0000 0000
0000 0000 0000 0000 0000 0000 0000 0000
0000 0000 0000 0000 0000 0000 0000 0000
0000 0000 0000 0000 0000 0000 0000 0000
0000 0000 0000 0000 0000 0000 0000 0000
0000 0000 0000 0000 0000 0000 0000 0000
0000 0000 0000 0000 0000 0000 0000 0000
0000 0000 0000 0000 0000 0000 0000 0000
0000 0000 0000 0000 0000 0000 0000 0000
0000 0000 0000 0000 0000 0000 0000 0000
0000 0000 0000 0000 0000 0000 0000 0000
0000 0000 0000 0000 0000 0000 0000 0000
0000 0000 0000 0000 0000 0000 0000 0000
0000 0000 0000 0000 0000 0000 0000 0000
0000 0000 0000 0000 0000 0000 0000 0000
0000 0000 0000 0000 0000 0000 0000 0000
0000 0000 0000 0000 0000 0000 0000 0000
0000 0000 0000 0000 0000 0000 0000 0000
0000 0000 0000 0000 0000 0000 0000 0000
0000 0000 0000 0000 0000 0000 0000 0000
0000 0000 0000 0000 0000 0000 0000 0000
0000 0000 0000 0000 0000 0000 0000 0000
0000 0000 0000 0000 0000 0000 0000 0000
0000 0000 0000 0000 0000 0000 0000 0000
0000 0000 0000 0000 0000 0000 0000 0000
0000 0000 0000 0000 0000 0000 0000 0000
0000 0000 0000 0000 0000 0000 0000 0000
0000 0000 0000 0000 0000 0000 0000 0000
0000 0000 0000 0000 0000 0000 0000 0000
0000 0000 0000 0000 0000 0000 0000 0000
0000 0000 0000 0000 0000 0000 0000 0000
0000 0000 0000 0000 0000 0000 0000 0000
0000 0000 0000 0000 0000 0000 0000 0000
0000 0000 0000 0000 0000 0000 0000 0000
0000 0000 0000 0000 0000 0000 0000 0000
0000 0000 0000 0000 0000 0000 0000 0000
0000 0000 0000 0000 0000 0000 0000 0000
0000 0000 0000 0000 0000 0000 0000 0000
0000 0000 0000 0000 0000 0000 0000 0000
0000 0000 0000 0000 0000 0000 0000 0000
0000 0000 0000 0000 0000 0000 0000 0000
0000 0000 0000 0000 0000 0000 0000 0000
0000 0000 0000 0000 0000 0000 0000 0000
0000 0000 0000 0000 0000 0000 0000 0000
0000 0000 0000 0000 0000 0000 0000 0000
0000 0000 0000 0000 0000 0000 0000 0000
0000 0000 0000 0000 0000 0000 0000 0000
0000 0000 0000 0000 0000 0000 0000 0000
0000 0000 0000 0000 0000 0000 0000 0000
0000 0000 0000 0000 0000 0000 0000 0000
0000 0000 0000 0000 0000 0000 0000 0000
0000 0000 0000 0000 0000 0000 0000 0000
0000 0000 0000 0000 0000 0000 0000 0000
0000 0000 0000 0000 0000 0000 0000 0000
0000 0000 0000 0000 0000 0000 0000 0000
0000 0000 0000 0000 0000 0000 0000 0000
0000 0000 0000 0000 0000 0000 0000 0000
0000 0000 0000 0000 0000 0000 0000 0000
0000 0000 0000 0000 0000 0000 0000 0000
0000 0000 0000 0000 0000 0000 0000 0000
0000 0000 0000 0000 0000 0000 0000 0000
0000 0000 0000 0000 0000 0000 0000 0000
0000 0000 0000 0000 0000 0000 0000 0000
0000 0000 0000 0000 0000 0000 0000 0000
0000 0000 0000 0000 0000 0000 0000 0000
0000 0000 0000 0000 0000 0000 0000 0000
0000 0000 0000 0000 0000 0000 0000 0000
0000 0000 0000 0000 0000 0000 0000 0000
0000 0000 0000 0000 0000 0000 0000 0000
0000 0000 0000 0000 0000 0000 0000 0000
0000 0000 0000 0000 0000 0000 0000 0000
0000 0000 0000 0000 0000 0000 0000 0000
0000 0000 0000 0000 0000 0000 0000 0000
0000 0000 0000 0000 0000 0000 0000 0000
0000 0000 0000 0000 0000 0000 0000 0000
0000 0000 0000 0000 0000 0000 0000 0000
0000 0000 0000 0000 0000 0000 0000 0000
0000 0000 0000 0000 0000 0000 0000 0000
0000 0000 0000 0000 0000 0000 0000 0000
0000 0000 0000 0000 0000 0000 0000 0000
0000 0000 0000 0000 0000 0000 0000 0000
0000 0000 0000 0000 0000 0000 0000 0000
0000 0000 0000 0000 0000 0000 0000 0000
0000 0000 0000 0000 0000 0000 0000 0000
0000 0000 0000 0000 0000 0000 0000 0000
0000 0000 0000 0000 0000 0000 0000 0000
0000 0000 0000 0000 0000 0000 0000 0000
0000 0000 0000 0000 0000 0000 0000 0000
0000 0000 0000 0000 0000 0000 0000 0000
0000 0000 0000 0000 0000 0000 0000 0000
0000 0000 0000 0000 0000 0000 0000 0000
0000 0000 0000 0000 0000 0000 0000 0000
0000 0000 0000 0000 0000 0000 0000 0000
0000 0000 0000 0000 0000 0000 0000 0000
0000 0000 0000 0000 0000 0000 0000 0000
0000 0000 0000 0000 0000 0000 0000 0000
0000 0000 0000 0000 0000 0000 0000 0000
0000 0000 0000 0000 0000 0000 0000 0000
0000 0000 0000 0000 0000 0000 0000 0000
0000 0000 0000 0000 0000 0000 0000 0000
0000 0000 0000 0000 0000 0000 0000 0000
0100 0200 0000 0000 4920 646f 206e 6f74
2066 6561 7220 636f 6d70 7574 6572 732e
2049 2066 6561 7220 7468 6520 6c61 636b
206f 6620 7468 656d 202d 2049 7361 6163
2041 7369 6d6f 7600 011b 033b 5400 0000
0900 0000 d8ef ffff 8800 0000 f8ef ffff
b000 0000 08f0 ffff c800 0000 18f0 ffff
7000 0000 01f1 ffff e000 0000 2af1 ffff
0001 0000 54f1 ffff 2001 0000 c8f1 ffff
4001 0000 38f2 ffff 8801 0000 0000 0000
1400 0000 0000 0000 017a 5200 0178 1001
1b0c 0708 9001 0000 1400 0000 1c00 0000
a0ef ffff 2f00 0000 0044 0710 0000 0000
2400 0000 3400 0000 48ef ffff 2000 0000
000e 1046 0e18 4a0f 0b77 0880 003f 1a3a
2a33 2422 0000 0000 1400 0000 5c00 0000
40ef ffff 1000 0000 0000 0000 0000 0000
1400 0000 7400 0000 38ef ffff 1000 0000
0000 0000 0000 0000 1c00 0000 8c00 0000
19f0 ffff 2900 0000 0045 0e10 8602 430d
0660 0c07 0800 0000 1c00 0000 ac00 0000
22f0 ffff 2a00 0000 0045 0e10 8602 430d
0661 0c07 0800 0000 1c00 0000 cc00 0000
2cf0 ffff 6800 0000 0045 0e10 8602 430d
0602 5f0c 0708 0000 4400 0000 ec00 0000
80f0 ffff 6500 0000 0046 0e10 8f02 490e
188e 0345 0e20 8d04 450e 288c 0544 0e30
8606 480e 3883 0747 0e40 6e0e 3841 0e30
410e 2842 0e20 420e 1842 0e10 420e 0800
1000 0000 3401 0000 a8f0 ffff 0500 0000
0000 0000 0000 0000 0000 0000 0000 0000
0000 0000 0000 0000 0000 0000 0000 0000
0000 0000 0000 0000 0000 0000 0000 0000
0000 0000 0000 0000 0000 0000 0000 0000
0000 0000 0000 0000 0000 0000 0000 0000
0000 0000 0000 0000 0000 0000 0000 0000
0000 0000 0000 0000 0000 0000 0000 0000
0000 0000 0000 0000 0000 0000 0000 0000
0000 0000 0000 0000 0000 0000 0000 0000
0000 0000 0000 0000 0000 0000 0000 0000
0000 0000 0000 0000 0000 0000 0000 0000
0000 0000 0000 0000 0000 0000 0000 0000
0000 0000 0000 0000 0000 0000 0000 0000
0000 0000 0000 0000 0000 0000 0000 0000
0000 0000 0000 0000 0000 0000 0000 0000
0000 0000 0000 0000 0000 0000 0000 0000
0000 0000 0000 0000 0000 0000 0000 0000
0000 0000 0000 0000 0000 0000 0000 0000
0000 0000 0000 0000 0000 0000 0000 0000
0000 0000 0000 0000 0000 0000 0000 0000
0000 0000 0000 0000 0000 0000 0000 0000
0000 0000 0000 0000 0000 0000 0000 0000
0000 0000 0000 0000 0000 0000 0000 0000
0000 0000 0000 0000 0000 0000 0000 0000
0000 0000 0000 0000 0000 0000 0000 0000
0000 0000 0000 0000 0000 0000 0000 0000
0000 0000 0000 0000 0000 0000 0000 0000
0000 0000 0000 0000 0000 0000 0000 0000
0000 0000 0000 0000 0000 0000 0000 0000
0000 0000 0000 0000 0000 0000 0000 0000
0000 0000 0000 0000 0000 0000 0000 0000
0000 0000 0000 0000 0000 0000 0000 0000
0000 0000 0000 0000 0000 0000 0000 0000
0000 0000 0000 0000 0000 0000 0000 0000
0000 0000 0000 0000 0000 0000 0000 0000
0000 0000 0000 0000 0000 0000 0000 0000
0000 0000 0000 0000 0000 0000 0000 0000
0000 0000 0000 0000 0000 0000 0000 0000
0000 0000 0000 0000 0000 0000 0000 0000
0000 0000 0000 0000 0000 0000 0000 0000
0000 0000 0000 0000 0000 0000 0000 0000
0000 0000 0000 0000 0000 0000 0000 0000
0000 0000 0000 0000 0000 0000 0000 0000
0000 0000 0000 0000 0000 0000 0000 0000
0000 0000 0000 0000 0000 0000 0000 0000
0000 0000 0000 0000 0000 0000 0000 0000
0000 0000 0000 0000 0000 0000 0000 0000
0000 0000 0000 0000 0000 0000 0000 0000
0000 0000 0000 0000 0000 0000 0000 0000
0000 0000 0000 0000 0000 0000 0000 0000
0000 0000 0000 0000 0000 0000 0000 0000
0000 0000 0000 0000 0000 0000 0000 0000
0000 0000 0000 0000 0000 0000 0000 0000
0000 0000 0000 0000 0000 0000 0000 0000
0000 0000 0000 0000 0000 0000 0000 0000
0000 0000 0000 0000 0000 0000 0000 0000
0000 0000 0000 0000 0000 0000 0000 0000
0000 0000 0000 0000 0000 0000 0000 0000
0000 0000 0000 0000 0000 0000 0000 0000
0000 0000 0000 0000 0000 0000 0000 0000
0000 0000 0000 0000 0000 0000 0000 0000
0000 0000 0000 0000 0000 0000 0000 0000
0000 0000 0000 0000 0000 0000 0000 0000
0000 0000 0000 0000 0000 0000 0000 0000
0000 0000 0000 0000 0000 0000 0000 0000
0000 0000 0000 0000 0000 0000 0000 0000
0000 0000 0000 0000 0000 0000 0000 0000
0000 0000 0000 0000 0000 0000 0000 0000
0000 0000 0000 0000 0000 0000 0000 0000
0000 0000 0000 0000 0000 0000 0000 0000
0000 0000 0000 0000 0000 0000 0000 0000
0000 0000 0000 0000 0000 0000 0000 0000
0000 0000 0000 0000 0000 0000 0000 0000
0000 0000 0000 0000 0000 0000 0000 0000
0000 0000 0000 0000 0000 0000 0000 0000
0000 0000 0000 0000 0000 0000 0000 0000
0000 0000 0000 0000 0000 0000 0000 0000
0000 0000 0000 0000 0000 0000 0000 0000
0000 0000 0000 0000 0000 0000 0000 0000
0000 0000 0000 0000 0000 0000 0000 0000
0000 0000 0000 0000 0000 0000 0000 0000
0000 0000 0000 0000 0000 0000 0000 0000
0000 0000 0000 0000 0000 0000 0000 0000
0000 0000 0000 0000 0000 0000 0000 0000
0000 0000 0000 0000 0000 0000 0000 0000
0000 0000 0000 0000 0000 0000 0000 0000
0000 0000 0000 0000 0000 0000 0000 0000
0000 0000 0000 0000 0000 0000 0000 0000
0000 0000 0000 0000 0000 0000 0000 0000
0000 0000 0000 0000 0000 0000 0000 0000
0000 0000 0000 0000 0000 0000 0000 0000
0000 0000 0000 0000 0000 0000 0000 0000
0000 0000 0000 0000 0000 0000 0000 0000
0000 0000 0000 0000 0000 0000 0000 0000
0000 0000 0000 0000 0000 0000 0000 0000
0000 0000 0000 0000 0000 0000 0000 0000
0000 0000 0000 0000 0000 0000 0000 0000
0000 0000 0000 0000 0000 0000 0000 0000
0000 0000 0000 0000 0000 0000 0000 0000
0000 0000 0000 0000 0000 0000 0000 0000
0000 0000 0000 0000 0000 0000 0000 0000
0000 0000 0000 0000 0000 0000 0000 0000
0000 0000 0000 0000 0000 0000 0000 0000
0000 0000 0000 0000 0000 0000 0000 0000
0000 0000 0000 0000 0000 0000 0000 0000
0000 0000 0000 0000 0000 0000 0000 0000
0000 0000 0000 0000 0000 0000 0000 0000
0000 0000 0000 0000 0000 0000 0000 0000
0000 0000 0000 0000 0000 0000 0000 0000
0000 0000 0000 0000 0000 0000 0000 0000
0000 0000 0000 0000 0000 0000 0000 0000
0000 0000 0000 0000 0000 0000 0000 0000
0000 0000 0000 0000 0000 0000 0000 0000
0000 0000 0000 0000 0000 0000 0000 0000
0000 0000 0000 0000 0000 0000 0000 0000
0000 0000 0000 0000 0000 0000 0000 0000
0000 0000 0000 0000 0000 0000 0000 0000
0000 0000 0000 0000 0000 0000 0000 0000
0000 0000 0000 0000 0000 0000 0000 0000
0000 0000 0000 0000 0000 0000 0000 0000
0000 0000 0000 0000 0000 0000 0000 0000
0000 0000 0000 0000 0000 0000 0000 0000
0000 0000 0000 0000 0000 0000 0000 0000
0000 0000 0000 0000 0000 0000 0000 0000
0000 0000 0000 0000 0000 0000 0000 0000
0000 0000 0000 0000 0000 0000 0000 0000
0000 0000 0000 0000 0000 0000 0000 0000
0000 0000 0000 0000 0000 0000 0000 0000
0000 0000 0000 0000 0000 0000 0000 0000
0000 0000 0000 0000 0000 0000 0000 0000
0000 0000 0000 0000 0000 0000 0000 0000
0000 0000 0000 0000 0000 0000 0000 0000
0000 0000 0000 0000 0000 0000 0000 0000
0000 0000 0000 0000 0000 0000 0000 0000
0000 0000 0000 0000 0000 0000 0000 0000
0000 0000 0000 0000 0000 0000 0000 0000
0000 0000 0000 0000 0000 0000 0000 0000
0000 0000 0000 0000 0000 0000 0000 0000
0000 0000 0000 0000 0000 0000 0000 0000
0000 0000 0000 0000 0000 0000 0000 0000
0000 0000 0000 0000 0000 0000 0000 0000
0000 0000 0000 0000 0000 0000 0000 0000
0000 0000 0000 0000 0000 0000 0000 0000
0000 0000 0000 0000 0000 0000 0000 0000
0000 0000 0000 0000 0000 0000 0000 0000
0000 0000 0000 0000 0000 0000 0000 0000
0000 0000 0000 0000 0000 0000 0000 0000
0000 0000 0000 0000 0000 0000 0000 0000
0000 0000 0000 0000 0000 0000 0000 0000
0000 0000 0000 0000 0000 0000 0000 0000
0000 0000 0000 0000 0000 0000 0000 0000
0000 0000 0000 0000 0000 0000 0000 0000
0000 0000 0000 0000 0000 0000 0000 0000
0000 0000 0000 0000 0000 0000 0000 0000
0000 0000 0000 0000 0000 0000 0000 0000
0000 0000 0000 0000 0000 0000 0000 0000
0000 0000 0000 0000 0000 0000 0000 0000
0000 0000 0000 0000 0000 0000 0000 0000
0000 0000 0000 0000 0000 0000 0000 0000
0000 0000 0000 0000 0000 0000 0000 0000
0000 0000 0000 0000 0000 0000 0000 0000
0000 0000 0000 0000 0000 0000 0000 0000
0000 0000 0000 0000 0000 0000 0000 0000
0000 0000 0000 0000 0000 0000 0000 0000
0000 0000 0000 0000 0000 0000 0000 0000
0000 0000 0000 0000 0000 0000 0000 0000
0000 0000 0000 0000 0000 0000 0000 0000
0000 0000 0000 0000 0000 0000 0000 0000
0000 0000 0000 0000 0000 0000 0000 0000
0000 0000 0000 0000 0000 0000 0000 0000
0000 0000 0000 0000 0000 0000 0000 0000
0000 0000 0000 0000 0000 0000 0000 0000
0000 0000 0000 0000 0000 0000 0000 0000
0000 0000 0000 0000 0000 0000 0000 0000
0000 0000 0000 0000 0000 0000 0000 0000
0000 0000 0000 0000 0000 0000 0000 0000
0000 0000 0000 0000 0000 0000 0000 0000
0000 0000 0000 0000 0000 0000 0000 0000
0000 0000 0000 0000 0000 0000 0000 0000
0000 0000 0000 0000 0000 0000 0000 0000
0000 0000 0000 0000 0000 0000 0000 0000
0000 0000 0000 0000 0000 0000 0000 0000
0000 0000 0000 0000 0000 0000 0000 0000
0000 0000 0000 0000 0000 0000 0000 0000
0000 0000 0000 0000 0000 0000 0000 0000
0000 0000 0000 0000 0000 0000 0000 0000
0000 0000 0000 0000 0000 0000 0000 0000
0000 0000 0000 0000 0000 0000 0000 0000
0000 0000 0000 0000 0000 0000 0000 0000
0000 0000 0000 0000 4011 0000 0000 0000
0011 0000 0000 0000 0100 0000 0000 0000
0100 0000 0000 0000 0c00 0000 0000 0000
0010 0000 0000 0000 0d00 0000 0000 0000
8812 0000 0000 0000 1900 0000 0000 0000
b83d 0000 0000 0000 1b00 0000 0000 0000
0800 0000 0000 0000 1a00 0000 0000 0000
c03d 0000 0000 0000 1c00 0000 0000 0000
0800 0000 0000 0000 f5fe ff6f 0000 0000
a003 0000 0000 0000 0500 0000 0000 0000
7004 0000 0000 0000 0600 0000 0000 0000
c803 0000 0000 0000 0a00 0000 0000 0000
8300 0000 0000 0000 0b00 0000 0000 0000
1800 0000 0000 0000 1500 0000 0000 0000
0000 0000 0000 0000 0300 0000 0000 0000
b83f 0000 0000 0000 0200 0000 0000 0000
1800 0000 0000 0000 1400 0000 0000 0000
0700 0000 0000 0000 1700 0000 0000 0000
e805 0000 0000 0000 0700 0000 0000 0000
2805 0000 0000 0000 0800 0000 0000 0000
c000 0000 0000 0000 0900 0000 0000 0000
1800 0000 0000 0000 1e00 0000 0000 0000
0800 0000 0000 0000 fbff ff6f 0000 0000
0100 0008 0000 0000 feff ff6f 0000 0000
0805 0000 0000 0000 ffff ff6f 0000 0000
0100 0000 0000 0000 f0ff ff6f 0000 0000
f404 0000 0000 0000 f9ff ff6f 0000 0000
0300 0000 0000 0000 0000 0000 0000 0000
0000 0000 0000 0000 0000 0000 0000 0000
0000 0000 0000 0000 0000 0000 0000 0000
0000 0000 0000 0000 0000 0000 0000 0000
0000 0000 0000 0000 0000 0000 0000 0000
0000 0000 0000 0000 c83d 0000 0000 0000
0000 0000 0000 0000 0000 0000 0000 0000
3010 0000 0000 0000 0000 0000 0000 0000
0000 0000 0000 0000 0000 0000 0000 0000
0000 0000 0000 0000 0000 0000 0000 0000
0000 0000 0000 0000 0840 0000 0000 0000
4743 433a 2028 5562 756e 7475 2039 2e33
2e30 2d31 3775 6275 6e74 7531 7e32 302e
3034 2920 392e 332e 3000 0000 0000 0000
0000 0000 0000 0000 0000 0000 0000 0000
0000 0000 0000 0000 0000 0000 0300 0100
1803 0000 0000 0000 0000 0000 0000 0000
0000 0000 0300 0200 3803 0000 0000 0000
0000 0000 0000 0000 0000 0000 0300 0300
5803 0000 0000 0000 0000 0000 0000 0000
0000 0000 0300 0400 7c03 0000 0000 0000
0000 0000 0000 0000 0000 0000 0300 0500
a003 0000 0000 0000 0000 0000 0000 0000
0000 0000 0300 0600 c803 0000 0000 0000
0000 0000 0000 0000 0000 0000 0300 0700
7004 0000 0000 0000 0000 0000 0000 0000
0000 0000 0300 0800 f404 0000 0000 0000
0000 0000 0000 0000 0000 0000 0300 0900
0805 0000 0000 0000 0000 0000 0000 0000
0000 0000 0300 0a00 2805 0000 0000 0000
0000 0000 0000 0000 0000 0000 0300 0b00
e805 0000 0000 0000 0000 0000 0000 0000
0000 0000 0300 0c00 0010 0000 0000 0000
0000 0000 0000 0000 0000 0000 0300 0d00
2010 0000 0000 0000 0000 0000 0000 0000
0000 0000 0300 0e00 4010 0000 0000 0000
0000 0000 0000 0000 0000 0000 0300 0f00
5010 0000 0000 0000 0000 0000 0000 0000
0000 0000 0300 1000 6010 0000 0000 0000
0000 0000 0000 0000 0000 0000 0300 1100
8812 0000 0000 0000 0000 0000 0000 0000
0000 0000 0300 1200 0020 0000 0000 0000
0000 0000 0000 0000 0000 0000 0300 1300
4820 0000 0000 0000 0000 0000 0000 0000
0000 0000 0300 1400 a020 0000 0000 0000
0000 0000 0000 0000 0000 0000 0300 1500
b83d 0000 0000 0000 0000 0000 0000 0000
0000 0000 0300 1600 c03d 0000 0000 0000
0000 0000 0000 0000 0000 0000 0300 1700
c83d 0000 0000 0000 0000 0000 0000 0000
0000 0000 0300 1800 b83f 0000 0000 0000
0000 0000 0000 0000 0000 0000 0300 1900
0040 0000 0000 0000 0000 0000 0000 0000
0000 0000 0300 1a00 1040 0000 0000 0000
0000 0000 0000 0000 0000 0000 0300 1b00
0000 0000 0000 0000 0000 0000 0000 0000
0100 0000 0400 f1ff 0000 0000 0000 0000
0000 0000 0000 0000 0c00 0000 0200 1000
9010 0000 0000 0000 0000 0000 0000 0000
0e00 0000 0200 1000 c010 0000 0000 0000
0000 0000 0000 0000 2100 0000 0200 1000
0011 0000 0000 0000 0000 0000 0000 0000
3700 0000 0100 1a00 1040 0000 0000 0000
0100 0000 0000 0000 4600 0000 0100 1600
c03d 0000 0000 0000 0000 0000 0000 0000
6d00 0000 0200 1000 4011 0000 0000 0000
0000 0000 0000 0000 7900 0000 0100 1500
b83d 0000 0000 0000 0000 0000 0000 0000
9800 0000 0400 f1ff 0000 0000 0000 0000
0000 0000 0000 0000 a300 0000 0400 f1ff
0000 0000 0000 0000 0000 0000 0000 0000
ac00 0000 0400 f1ff 0000 0000 0000 0000
0000 0000 0000 0000 0100 0000 0400 f1ff
0000 0000 0000 0000 0000 0000 0000 0000
ba00 0000 0100 1400 e421 0000 0000 0000
0000 0000 0000 0000 0000 0000 0400 f1ff
0000 0000 0000 0000 0000 0000 0000 0000
c800 0000 0000 1500 c03d 0000 0000 0000
0000 0000 0000 0000 d900 0000 0100 1700
c83d 0000 0000 0000 0000 0000 0000 0000
e200 0000 0000 1500 b83d 0000 0000 0000
0000 0000 0000 0000 f500 0000 0000 1300
4820 0000 0000 0000 0000 0000 0000 0000
0801 0000 0100 1800 b83f 0000 0000 0000
0000 0000 0000 0000 c501 0000 0200 0c00
0010 0000 0000 0000 0000 0000 0000 0000
1e01 0000 1200 1000 8012 0000 0000 0000
0500 0000 0000 0000 2e01 0000 2000 0000
0000 0000 0000 0000 0000 0000 0000 0000
8501 0000 2000 1900 0040 0000 0000 0000
0000 0000 0000 0000 4a01 0000 1200 0000
0000 0000 0000 0000 0000 0000 0000 0000
5d01 0000 1000 1900 1040 0000 0000 0000
0000 0000 0000 0000 2801 0000 1202 1100
8812 0000 0000 0000 0000 0000 0000 0000
6401 0000 1200 0000 0000 0000 0000 0000
0000 0000 0000 0000 8301 0000 1000 1900
0040 0000 0000 0000 0000 0000 0000 0000
9001 0000 2000 0000 0000 0000 0000 0000
0000 0000 0000 0000 9f01 0000 1102 1900
0840 0000 0000 0000 0000 0000 0000 0000
ac01 0000 1100 1200 0020 0000 0000 0000
0400 0000 0000 0000 bb01 0000 1200 1000
1012 0000 0000 0000 6500 0000 0000 0000
d400 0000 1000 1a00 1840 0000 0000 0000
0000 0000 0000 0000 8901 0000 1200 1000
6010 0000 0000 0000 2f00 0000 0000 0000
cb01 0000 1000 1a00 1040 0000 0000 0000
0000 0000 0000 0000 d701 0000 1200 1000
7211 0000 0000 0000 2a00 0000 0000 0000
dc01 0000 1200 1000 4911 0000 0000 0000
2900 0000 0000 0000 e501 0000 1102 1900
1040 0000 0000 0000 0000 0000 0000 0000
f101 0000 2000 0000 0000 0000 0000 0000
0000 0000 0000 0000 0b02 0000 1200 1000
9c11 0000 0000 0000 6800 0000 0000 0000
1502 0000 2200 0000 0000 0000 0000 0000
0000 0000 0000 0000 0063 7274 7374 7566
662e 6300 6465 7265 6769 7374 6572 5f74
6d5f 636c 6f6e 6573 005f 5f64 6f5f 676c
6f62 616c 5f64 746f 7273 5f61 7578 0063
6f6d 706c 6574 6564 2e38 3036 3000 5f5f
646f 5f67 6c6f 6261 6c5f 6474 6f72 735f
6175 785f 6669 6e69 5f61 7272 6179 5f65
6e74 7279 0066 7261 6d65 5f64 756d 6d79
005f 5f66 7261 6d65 5f64 756d 6d79 5f69
6e69 745f 6172 7261 795f 656e 7472 7900
5f70 7574 6368 6172 2e63 0034 2d6d 6169
6e2e 6300 342d 7072 696e 745f 7265 762e
6300 5f5f 4652 414d 455f 454e 445f 5f00
5f5f 696e 6974 5f61 7272 6179 5f65 6e64
005f 4459 4e41 4d49 4300 5f5f 696e 6974
5f61 7272 6179 5f73 7461 7274 005f 5f47
4e55 5f45 485f 4652 414d 455f 4844 5200
5f47 4c4f 4241 4c5f 4f46 4653 4554 5f54
4142 4c45 5f00 5f5f 6c69 6263 5f63 7375
5f66 696e 6900 5f49 544d 5f64 6572 6567
6973 7465 7254 4d43 6c6f 6e65 5461 626c
6500 7772 6974 6540 4047 4c49 4243 5f32
2e32 2e35 005f 6564 6174 6100 5f5f 6c69
6263 5f73 7461 7274 5f6d 6169 6e40 4047
4c49 4243 5f32 2e32 2e35 005f 5f64 6174
615f 7374 6172 7400 5f5f 676d 6f6e 5f73
7461 7274 5f5f 005f 5f64 736f 5f68 616e
646c 6500 5f49 4f5f 7374 6469 6e5f 7573
6564 005f 5f6c 6962 635f 6373 755f 696e
6974 005f 5f62 7373 5f73 7461 7274 006d
6169 6e00 5f70 7574 6368 6172 005f 5f54
4d43 5f45 4e44 5f5f 005f 4954 4d5f 7265
6769 7374 6572 544d 436c 6f6e 6554 6162
6c65 0070 7269 6e74 5f72 6576 005f 5f63
7861 5f66 696e 616c 697a 6540 4047 4c49
4243 5f32 2e32 2e35 0000 2e73 796d 7461
6200 2e73 7472 7461 6200 2e73 6873 7472
7461 6200 2e69 6e74 6572 7000 2e6e 6f74
652e 676e 752e 7072 6f70 6572 7479 002e
6e6f 7465 2e67 6e75 2e62 7569 6c64 2d69
6400 2e6e 6f74 652e 4142 492d 7461 6700
2e67 6e75 2e68 6173 6800 2e64 796e 7379
6d00 2e64 796e 7374 7200 2e67 6e75 2e76
6572 7369 6f6e 002e 676e 752e 7665 7273
696f 6e5f 7200 2e72 656c 612e 6479 6e00
2e72 656c 612e 706c 7400 2e69 6e69 7400
2e70 6c74 2e67 6f74 002e 706c 742e 7365
6300 2e74 6578 7400 2e66 696e 6900 2e72
6f64 6174 6100 2e65 685f 6672 616d 655f
6864 7200 2e65 685f 6672 616d 6500 2e69
6e69 745f 6172 7261 7900 2e66 696e 695f
6172 7261 7900 2e64 796e 616d 6963 002e
6461 7461 002e 6273 7300 2e63 6f6d 6d65
6e74 0000 0000 0000 0000 0000 0000 0000
0000 0000 0000 0000 0000 0000 0000 0000
0000 0000 0000 0000 0000 0000 0000 0000
0000 0000 0000 0000 0000 0000 0000 0000
0000 0000 0000 0000 1b00 0000 0100 0000
0200 0000 0000 0000 1803 0000 0000 0000
1803 0000 0000 0000 1c00 0000 0000 0000
0000 0000 0000 0000 0100 0000 0000 0000
0000 0000 0000 0000 2300 0000 0700 0000
0200 0000 0000 0000 3803 0000 0000 0000
3803 0000 0000 0000 2000 0000 0000 0000
0000 0000 0000 0000 0800 0000 0000 0000
0000 0000 0000 0000 3600 0000 0700 0000
0200 0000 0000 0000 5803 0000 0000 0000
5803 0000 0000 0000 2400 0000 0000 0000
0000 0000 0000 0000 0400 0000 0000 0000
0000 0000 0000 0000 4900 0000 0700 0000
0200 0000 0000 0000 7c03 0000 0000 0000
7c03 0000 0000 0000 2000 0000 0000 0000
0000 0000 0000 0000 0400 0000 0000 0000
0000 0000 0000 0000 5700 0000 f6ff ff6f
0200 0000 0000 0000 a003 0000 0000 0000
a003 0000 0000 0000 2400 0000 0000 0000
0600 0000 0000 0000 0800 0000 0000 0000
0000 0000 0000 0000 6100 0000 0b00 0000
0200 0000 0000 0000 c803 0000 0000 0000
c803 0000 0000 0000 a800 0000 0000 0000
0700 0000 0100 0000 0800 0000 0000 0000
1800 0000 0000 0000 6900 0000 0300 0000
0200 0000 0000 0000 7004 0000 0000 0000
7004 0000 0000 0000 8300 0000 0000 0000
0000 0000 0000 0000 0100 0000 0000 0000
0000 0000 0000 0000 7100 0000 ffff ff6f
0200 0000 0000 0000 f404 0000 0000 0000
f404 0000 0000 0000 0e00 0000 0000 0000
0600 0000 0000 0000 0200 0000 0000 0000
0200 0000 0000 0000 7e00 0000 feff ff6f
0200 0000 0000 0000 0805 0000 0000 0000
0805 0000 0000 0000 2000 0000 0000 0000
0700 0000 0100 0000 0800 0000 0000 0000
0000 0000 0000 0000 8d00 0000 0400 0000
0200 0000 0000 0000 2805 0000 0000 0000
2805 0000 0000 0000 c000 0000 0000 0000
0600 0000 0000 0000 0800 0000 0000 0000
1800 0000 0000 0000 9700 0000 0400 0000
4200 0000 0000 0000 e805 0000 0000 0000
e805 0000 0000 0000 1800 0000 0000 0000
0600 0000 1800 0000 0800 0000 0000 0000
1800 0000 0000 0000 a100 0000 0100 0000
0600 0000 0000 0000 0010 0000 0000 0000
0010 0000 0000 0000 1b00 0000 0000 0000
0000 0000 0000 0000 0400 0000 0000 0000
0000 0000 0000 0000 9c00 0000 0100 0000
0600 0000 0000 0000 2010 0000 0000 0000
2010 0000 0000 0000 2000 0000 0000 0000
0000 0000 0000 0000 1000 0000 0000 0000
1000 0000 0000 0000 a700 0000 0100 0000
0600 0000 0000 0000 4010 0000 0000 0000
4010 0000 0000 0000 1000 0000 0000 0000
0000 0000 0000 0000 1000 0000 0000 0000
1000 0000 0000 0000 b000 0000 0100 0000
0600 0000 0000 0000 5010 0000 0000 0000
5010 0000 0000 0000 1000 0000 0000 0000
0000 0000 0000 0000 1000 0000 0000 0000
1000 0000 0000 0000 b900 0000 0100 0000
0600 0000 0000 0000 6010 0000 0000 0000
6010 0000 0000 0000 2502 0000 0000 0000
0000 0000 0000 0000 1000 0000 0000 0000
0000 0000 0000 0000 bf00 0000 0100 0000
0600 0000 0000 0000 8812 0000 0000 0000
8812 0000 0000 0000 0d00 0000 0000 0000
0000 0000 0000 0000 0400 0000 0000 0000
0000 0000 0000 0000 c500 0000 0100 0000
0200 0000 0000 0000 0020 0000 0000 0000
0020 0000 0000 0000 4800 0000 0000 0000
0000 0000 0000 0000 0800 0000 0000 0000
0000 0000 0000 0000 cd00 0000 0100 0000
0200 0000 0000 0000 4820 0000 0000 0000
4820 0000 0000 0000 5400 0000 0000 0000
0000 0000 0000 0000 0400 0000 0000 0000
0000 0000 0000 0000 db00 0000 0100 0000
0200 0000 0000 0000 a020 0000 0000 0000
a020 0000 0000 0000 4801 0000 0000 0000
0000 0000 0000 0000 0800 0000 0000 0000
0000 0000 0000 0000 e500 0000 0e00 0000
0300 0000 0000 0000 b83d 0000 0000 0000
b82d 0000 0000 0000 0800 0000 0000 0000
0000 0000 0000 0000 0800 0000 0000 0000
0800 0000 0000 0000 f100 0000 0f00 0000
0300 0000 0000 0000 c03d 0000 0000 0000
c02d 0000 0000 0000 0800 0000 0000 0000
0000 0000 0000 0000 0800 0000 0000 0000
0800 0000 0000 0000 fd00 0000 0600 0000
0300 0000 0000 0000 c83d 0000 0000 0000
c82d 0000 0000 0000 f001 0000 0000 0000
0700 0000 0000 0000 0800 0000 0000 0000
1000 0000 0000 0000 ab00 0000 0100 0000
0300 0000 0000 0000 b83f 0000 0000 0000
b82f 0000 0000 0000 4800 0000 0000 0000
0000 0000 0000 0000 0800 0000 0000 0000
0800 0000 0000 0000 0601 0000 0100 0000
0300 0000 0000 0000 0040 0000 0000 0000
0030 0000 0000 0000 1000 0000 0000 0000
0000 0000 0000 0000 0800 0000 0000 0000
0000 0000 0000 0000 0c01 0000 0800 0000
0300 0000 0000 0000 1040 0000 0000 0000
1030 0000 0000 0000 0800 0000 0000 0000
0000 0000 0000 0000 0100 0000 0000 0000
0000 0000 0000 0000 1101 0000 0100 0000
3000 0000 0000 0000 0000 0000 0000 0000
1030 0000 0000 0000 2a00 0000 0000 0000
0000 0000 0000 0000 0100 0000 0000 0000
0100 0000 0000 0000 0100 0000 0200 0000
0000 0000 0000 0000 0000 0000 0000 0000
4030 0000 0000 0000 7806 0000 0000 0000
1d00 0000 3000 0000 0800 0000 0000 0000
1800 0000 0000 0000 0900 0000 0300 0000
0000 0000 0000 0000 0000 0000 0000 0000
b836 0000 0000 0000 3102 0000 0000 0000
0000 0000 0000 0000 0100 0000 0000 0000
0000 0000 0000 0000 1100 0000 0300 0000
0000 0000 0000 0000 0000 0000 0000 0000
e938 0000 0000 0000 1a01 0000 0000 0000
0000 0000 0000 0000 0100 0000 0000 0000
0000 0000 0000 0000 