7f45 4c46 0201 0100 0000 0000 0000 0000
0300 3e00 0100 0000 8010 0000 0000 0000
4000 0000 0000 0000 f039 0000 0000 0000
0000 0000 4000 3800 0d00 4000 1f00 1e00
0600 0000 0400 0000 4000 0000 0000 0000
4000 0000 0000 0000 4000 0000 0000 0000
d802 0000 0000 0000 d802 0000 0000 0000
0800 0000 0000 0000 0300 0000 0400 0000
1803 0000 0000 0000 1803 0000 0000 0000
1803 0000 0000 0000 1c00 0000 0000 0000
1c00 0000 0000 0000 0100 0000 0000 0000
0100 0000 0400 0000 0000 0000 0000 0000
0000 0000 0000 0000 0000 0000 0000 0000
5806 0000 0000 0000 5806 0000 0000 0000
0010 0000 0000 0000 0100 0000 0500 0000
0010 0000 0000 0000 0010 0000 0000 0000
0010 0000 0000 0000 d502 0000 0000 0000
d502 0000 0000 0000 0010 0000 0000 0000
0100 0000 0400 0000 0020 0000 0000 0000
0020 0000 0000 0000 0020 0000 0000 0000
b001 0000 0000 0000 b001 0000 0000 0000
0010 0000 0000 0000 0100 0000 0600 0000
b02d 0000 0000 0000 b03d 0000 0000 0000
b03d 0000 0000 0000 6002 0000 0000 0000
6802 0000 0000 0000 0010 0000 0000 0000
0200 0000 0600 0000 c02d 0000 0000 0000
c03d 0000 0000 0000 c03d 0000 0000 0000
f001 0000 0000 0000 f001 0000 0000 0000
0800 0000 0000 0000 0400 0000 0400 0000
3803 0000 0000 0000 3803 0000 0000 0000
3803 0000 0000 0000 2000 0000 0000 0000
2000 0000 0000 0000 0800 0000 0000 0000
0400 0000 0400 0000 5803 0000 0000 0000
5803 0000 0000 0000 5803 0000 0000 0000
4400 0000 0000 0000 4400 0000 0000 0000
0400 0000 0000 0000 53e5 7464 0400 0000
3803 0000 0000 0000 3803 0000 0000 0000
3803 0000 0000 0000 2000 0000 0000 0000
2000 0000 0000 0000 0800 0000 0000 0000
50e5 7464 0400 0000 3c20 0000 0000 0000
3c20 0000 0000 0000 3c20 0000 0000 0000
4c00 0000 0000 0000 4c00 0000 0000 0000
0400 0000 0000 0000 51e5 7464 0600 0000
0000 0000 0000 0000 0000 0000 0000 0000
0000 0000 0000 0000 0000 0000 0000 0000
0000 0000 0000 0000 1000 0000 0000 0000
52e5 7464 0400 0000 b02d 0000 0000 0000
b03d 0000 0000 0000 b03d 0000 0000 0000
5002 0000 0000 0000 5002 0000 0000 0000
0100 0000 0000 0000 2f6c 6962 3634 2f6c
642d 6c69 6e75 782d 7838 362d 3634 2e73
6f2e 3200 0000 0000 0400 0000 1000 0000
0500 0000 474e 5500 0200 00c0 0400 0000
0300 0000 0000 0000 0400 0000 1400 0000
0300 0000 474e 5500 b709 7a6a 68f2 7355
e1e6 8e5f 442d 444d b829 f1fe 0400 0000
1000 0000 0100 0000 474e 5500 0000 0000
0300 0000 0200 0000 0000 0000 0000 0000
0200 0000 0700 0000 0100 0000 0600 0000
0000 8100 0000 0000 0700 0000 0000 0000
d165 ce6d 0000 0000 0000 0000 0000 0000
0000 0000 0000 0000 0000 0000 0000 0000
5a00 0000 2000 0000 0000 0000 0000 0000
0000 0000 0000 0000 0b00 0000 1200 0000
0000 0000 0000 0000 0000 0000 0000 0000
1c00 0000 1200 0000 0000 0000 0000 0000
0000 0000 0000 0000 3200 0000 1200 0000
0000 0000 0000 0000 0000 0000 0000 0000
7600 0000 2000 0000 0000 0000 0000 0000
0000 0000 0000 0000 8500 0000 2000 0000
0000 0000 0000 0000 0000 0000 0000 0000
2300 0000 2200 0000 0000 0000 0000 0000
0000 0000 0000 0000 006c 6962 632e 736f
2e36 005f 5f73 7461 636b 5f63 686b 5f66
6169 6c00 7072 696e 7466 005f 5f63 7861
5f66 696e 616c 697a 6500 5f5f 6c69 6263
5f73 7461 7274 5f6d 6169 6e00 474c 4942
435f 322e 322e 3500 474c 4942 435f 322e
3400 5f49 544d 5f64 6572 6567 6973 7465
7254 4d43 6c6f 6e65 5461 626c 6500 5f5f
676d 6f6e 5f73 7461 7274 5f5f 005f 4954
4d5f 7265 6769 7374 6572 544d 436c 6f6e
6554 6162 6c65 0000 0000 0000 0200 0300
0300 0000 0000 0300 0100 0200 0100 0000
1000 0000 0000 0000 751a 6909 0000 0300
4400 0000 1000 0000 1469 690d 0000 0200
5000 0000 0000 0000 b03d 0000 0000 0000
0800 0000 0000 0000 6011 0000 0000 0000
b83d 0000 0000 0000 0800 0000 0000 0000
2011 0000 0000 0000 0840 0000 0000 0000
0800 0000 0000 0000 0840 0000 0000 0000
d83f 0000 0000 0000 0600 0000 0100 0000
0000 0000 0000 0000 e03f 0000 0000 0000
0600 0000 0400 0000 0000 0000 0000 0000
e83f 0000 0000 0000 0600 0000 0500 0000
0000 0000 0000 0000 f03f 0000 0000 0000
0600 0000 0600 0000 0000 0000 0000 0000
f83f 0000 0000 0000 0600 0000 0700 0000
0000 0000 0000 0000 c83f 0000 0000 0000
0700 0000 0200 0000 0000 0000 0000 0000
d03f 0000 0000 0000 0700 0000 0300 0000
0000 0000 0000 0000 0000 0000 0000 0000
0000 0000 0000 0000 0000 0000 0000 0000
0000 0000 0000 0000 0000 0000 0000 0000
0000 0000 0000 0000 0000 0000 0000 0000
0000 0000 0000 0000 0000 0000 0000 0000
0000 0000 0000 0000 0000 0000 0000 0000
0000 0000 0000 0000 0000 0000 0000 0000
0000 0000 0000 0000 0000 0000 0000 0000
0000 0000 0000 0000 0000 0000 0000 0000
0000 0000 0000 0000 0000 0000 0000 0000
0000 0000 0000 0000 0000 0000 0000 0000
0000 0000 0000 0000 0000 0000 0000 0000
0000 0000 0000 0000 0000 0000 0000 0000
0000 0000 0000 0000 0000 0000 0000 0000
0000 0000 0000 0000 0000 0000 0000 0000
0000 0000 0000 0000 0000 0000 0000 0000
0000 0000 0000 0000 0000 0000 0000 0000
0000 0000 0000 0000 0000 0000 0000 0000
0000 0000 0000 0000 0000 0000 0000 0000
0000 0000 0000 0000 0000 0000 0000 0000
0000 0000 0000 0000 0000 0000 0000 0000
0000 0000 0000 0000 0000 0000 0000 0000
0000 0000 0000 0000 0000 0000 0000 0000
0000 0000 0000 0000 0000 0000 0000 0000
0000 0000 0000 0000 0000 0000 0000 0000
0000 0000 0000 0000 0000 0000 0000 0000
0000 0000 0000 0000 0000 0000 0000 0000
0000 0000 0000 0000 0000 0000 0000 0000
0000 0000 0000 0000 0000 0000 0000 0000
0000 0000 0000 0000 0000 0000 0000 0000
0000 0000 0000 0000 0000 0000 0000 0000
0000 0000 0000 0000 0000 0000 0000 0000
0000 0000 0000 0000 0000 0000 0000 0000
0000 0000 0000 0000 0000 0000 0000 0000
0000 0000 0000 0000 0000 0000 0000 0000
0000 0000 0000 0000 0000 0000 0000 0000
0000 0000 0000 0000 0000 0000 0000 0000
0000 0000 0000 0000 0000 0000 0000 0000
0000 0000 0000 0000 0000 0000 0000 0000
0000 0000 0000 0000 0000 0000 0000 0000
0000 0000 0000 0000 0000 0000 0000 0000
0000 0000 0000 0000 0000 0000 0000 0000
0000 0000 0000 0000 0000 0000 0000 0000
0000 0000 0000 0000 0000 0000 0000 0000
0000 0000 0000 0000 0000 0000 0000 0000
0000 0000 0000 0000 0000 0000 0000 0000
0000 0000 0000 0000 0000 0000 0000 0000
0000 0000 0000 0000 0000 0000 0000 0000
0000 0000 0000 0000 0000 0000 0000 0000
0000 0000 0000 0000 0000 0000 0000 0000
0000 0000 0000 0000 0000 0000 0000 0000
0000 0000 0000 0000 0000 0000 0000 0000
0000 0000 0000 0000 0000 0000 0000 0000
0000 0000 0000 0000 0000 0000 0000 0000
0000 0000 0000 0000 0000 0000 0000 0000
0000 0000 0000 0000 0000 0000 0000 0000
0000 0000 0000 0000 0000 0000 0000 0000
0000 0000 0000 0000 0000 0000 0000 0000
0000 0000 0000 0000 0000 0000 0000 0000
0000 0000 0000 0000 0000 0000 0000 0000
0000 0000 0000 0000 0000 0000 0000 0000
0000 0000 0000 0000 0000 0000 0000 0000
0000 0000 0000 0000 0000 0000 0000 0000
0000 0000 0000 0000 0000 0000 0000 0000
0000 0000 0000 0000 0000 0000 0000 0000
0000 0000 0000 0000 0000 0000 0000 0000
0000 0000 0000 0000 0000 0000 0000 0000
0000 0000 0000 0000 0000 0000 0000 0000
0000 0000 0000 0000 0000 0000 0000 0000
0000 0000 0000 0000 0000 0000 0000 0000
0000 0000 0000 0000 0000 0000 0000 0000
0000 0000 0000 0000 0000 0000 0000 0000
0000 0000 0000 0000 0000 0000 0000 0000
0000 0000 0000 0000 0000 0000 0000 0000
0000 0000 0000 0000 0000 0000 0000 0000
0000 0000 0000 0000 0000 0000 0000 0000
0000 0000 0000 0000 0000 0000 0000 0000
0000 0000 0000 0000 0000 0000 0000 0000
0000 0000 0000 0000 0000 0000 0000 0000
0000 0000 0000 0000 0000 0000 0000 0000
0000 0000 0000 0000 0000 0000 0000 0000
0000 0000 0000 0000 0000 0000 0000 0000
0000 0000 0000 0000 0000 0000 0000 0000
0000 0000 0000 0000 0000 0000 0000 0000
0000 0000 0000 0000 0000 0000 0000 0000
0000 0000 0000 0000 0000 0000 0000 0000
0000 0000 0000 0000 0000 0000 0000 0000
0000 0000 0000 0000 0000 0000 0000 0000
0000 0000 0000 0000 0000 0000 0000 0000
0000 0000 0000 0000 0000 0000 0000 0000
0000 0000 0000 0000 0000 0000 0000 0000
0000 0000 0000 0000 0000 0000 0000 0000
0000 0000 0000 0000 0000 0000 0000 0000
0000 0000 0000 0000 0000 0000 0000 0000
0000 0000 0000 0000 0000 0000 0000 0000
0000 0000 0000 0000 0000 0000 0000 0000
0000 0000 0000 0000 0000 0000 0000 0000
0000 0000 0000 0000 0000 0000 0000 0000
0000 0000 0000 0000 0000 0000 0000 0000
0000 0000 0000 0000 0000 0000 0000 0000
0000 0000 0000 0000 0000 0000 0000 0000
0000 0000 0000 0000 0000 0000 0000 0000
0000 0000 0000 0000 0000 0000 0000 0000
0000 0000 0000 0000 0000 0000 0000 0000
0000 0000 0000 0000 0000 0000 0000 0000
0000 0000 0000 0000 0000 0000 0000 0000
0000 0000 0000 0000 0000 0000 0000 0000
0000 0000 0000 0000 0000 0000 0000 0000
0000 0000 0000 0000 0000 0000 0000 0000
0000 0000 0000 0000 0000 0000 0000 0000
0000 0000 0000 0000 0000 0000 0000 0000
0000 0000 0000 0000 0000 0000 0000 0000
0000 0000 0000 0000 0000 0000 0000 0000
0000 0000 0000 0000 0000 0000 0000 0000
0000 0000 0000 0000 0000 0000 0000 0000
0000 0000 0000 0000 0000 0000 0000 0000
0000 0000 0000 0000 0000 0000 0000 0000
0000 0000 0000 0000 0000 0000 0000 0000
0000 0000 0000 0000 0000 0000 0000 0000
0000 0000 0000 0000 0000 0000 0000 0000
0000 0000 0000 0000 0000 0000 0000 0000
0000 0000 0000 0000 0000 0000 0000 0000
0000 0000 0000 0000 0000 0000 0000 0000
0000 0000 0000 0000 0000 0000 0000 0000
0000 0000 0000 0000 0000 0000 0000 0000
0000 0000 0000 0000 0000 0000 0000 0000
0000 0000 0000 0000 0000 0000 0000 0000
0000 0000 0000 0000 0000 0000 0000 0000
0000 0000 0000 0000 0000 0000 0000 0000
0000 0000 0000 0000 0000 0000 0000 0000
0000 0000 0000 0000 0000 0000 0000 0000
0000 0000 0000 0000 0000 0000 0000 0000
0000 0000 0000 0000 0000 0000 0000 0000
0000 0000 0000 0000 0000 0000 0000 0000
0000 0000 0000 0000 0000 0000 0000 0000
0000 0000 0000 0000 0000 0000 0000 0000
0000 0000 0000 0000 0000 0000 0000 0000
0000 0000 0000 0000 0000 0000 0000 0000
0000 0000 0000 0000 0000 0000 0000 0000
0000 0000 0000 0000 0000 0000 0000 0000
0000 0000 0000 0000 0000 0000 0000 0000
0000 0000 0000 0000 0000 0000 0000 0000
0000 0000 0000 0000 0000 0000 0000 0000
0000 0000 0000 0000 0000 0000 0000 0000
0000 0000 0000 0000 0000 0000 0000 0000
0000 0000 0000 0000 0000 0000 0000 0000
0000 0000 0000 0000 0000 0000 0000 0000
0000 0000 0000 0000 0000 0000 0000 0000
0000 0000 0000 0000 0000 0000 0000 0000
0000 0000 0000 0000 0000 0000 0000 0000
0000 0000 0000 0000 0000 0000 0000 0000
0000 0000 0000 0000 0000 0000 0000 0000
0000 0000 0000 0000 0000 0000 0000 0000
0000 0000 0000 0000 0000 0000 0000 0000
0000 0000 0000 0000 0000 0000 0000 0000
f30f 1efa 4883 ec08 488b 05d9 2f00 0048
85c0 7402 ffd0 4883 c408 c300 0000 0000
ff35 922f 0000 f2ff 2593 2f00 000f 1f00
f30f 1efa 6800 0000 00f2 e9e1 ffff ff90
f30f 1efa 6801 0000 00f2 e9d1 ffff ff90
f30f 1efa f2ff 259d 2f00 000f 1f44 0000
f30f 1efa f2ff 255d 2f00 000f 1f44 0000
f30f 1efa f2ff 2555 2f00 000f 1f44 0000
f30f 1efa 31ed 4989 d15e 4889 e248 83e4
f050 544c 8d05 2602 0000 488d 0daf 0100
0048 8d3d c100 0000 ff15 322f 0000 f490
488d 3d59 2f00 0048 8d05 522f 0000 4839
f874 1548 8b05 0e2f 0000 4885 c074 09ff
e00f 1f80 0000 0000 c30f 1f80 0000 0000
488d 3d29 2f00 0048 8d35 222f 0000 4829
fe48 89f0 48c1 ee3f 48c1 f803 4801 c648
d1fe 7414 488b 05e5 2e00 0048 85c0 7408
ffe0 660f 1f44 0000 c30f 1f80 0000 0000
f30f 1efa 803d e52e 0000 0075 2b55 4883
3dc2 2e00 0000 4889 e574 0c48 8b3d c62e
0000 e809 ffff ffe8 64ff ffff c605 bd2e
0000 015d c30f 1f00 c30f 1f80 0000 0000
f30f 1efa e977 ffff fff3 0f1e fa55 4889
e548 83c4 8064 488b 0425 2800 0000 4889
45f8 31c0 488d 4590 488d 3579 0e00 0048
89c7 e84f 0000 0048 8945 8848 8d45 9048
89c6 488d 3d8f 0e00 00b8 0000 0000 e8bd
feff ff48 8b45 8848 89c6 488d 3d77 0e00
00b8 0000 0000 e8a5 feff ffb8 0000 0000
488b 55f8 6448 3314 2528 0000 0074 05e8
7cfe ffff c9c3 f30f 1efa 5548 89e5 4889
7de8 4889 75e0 c745 fc00 0000 00eb 238b
45fc 4863 d048 8b45 e048 01d0 8b55 fc48
63ca 488b 55e8 4801 ca0f b600 8802 8345
fc01 8b45 fc48 63d0 488b 45e0 4801 d00f
b600 84c0 75c9 8b45 fc48 63d0 488b 45e8
4801 d0c6 0000 488b 45e8 5dc3 0f1f 4000
f30f 1efa 4157 4c8d 3d53 2b00 0041 5649
89d6 4155 4989 f541 5441 89fc 5548 8d2d
442b 0000 534c 29fd 4883 ec08 e87f fdff
ff48 c1fd 0374 1f31 db0f 1f80 0000 0000
4c89 f24c 89ee 4489 e741 ff14 df48 83c3
0148 39dd 75ea 4883 c408 5b5d 415c 415d
415e 415f c366 662e 0f1f 8400 0000 0000
f30f 1efa c300 0000 f30f 1efa 4883 ec08
4883 c408 c300 0000 0000 0000 0000 0000
0000 0000 0000 0000 0000 0000 0000 0000
0000 0000 0000 0000 0000 0000 0000 0000
0000 0000 0000 0000 0000 0000 0000 0000
0000 0000 0000 0000 0000 0000 0000 0000
0000 0000 0000 0000 0000 0000 0000 0000
0000 0000 0000 0000 0000 0000 0000 0000
0000 0000 0000 0000 0000 0000 0000 0000
0000 0000 0000 0000 0000 0000 0000 0000
0000 0000 0000 0000 0000 0000 0000 0000
0000 0000 0000 0000 0000 0000 0000 0000
0000 0000 0000 0000 0000 0000 0000 0000
0000 0000 0000 0000 0000 0000 0000 0000
0000 0000 0000 0000 0000 0000 0000 0000
0000 0000 0000 0000 0000 0000 0000 0000
0000 0000 0000 0000 0000 0000 0000 0000
0000 0000 0000 0000 0000 0000 0000 0000
0000 0000 0000 0000 0000 0000 0000 0000
0000 0000 0000 0000 0000 0000 0000 0000
0000 0000 0000 0000 0000 0000 0000 0000
0000 0000 0000 0000 0000 0000 0000 0000
0000 0000 0000 0000 0000 0000 0000 0000
0000 0000 0000 0000 0000 0000 0000 0000
0000 0000 0000 0000 0000 0000 0000 0000
0000 0000 0000 0000 0000 0000 0000 0000
0000 0000 0000 0000 0000 0000 0000 0000
0000 0000 0000 0000 0000 0000 0000 0000
0000 0000 0000 0000 0000 0000 0000 0000
0000 0000 0000 0000 0000 0000 0000 0000
0000 0000 0000 0000 0000 0000 0000 0000
0000 0000 0000 0000 0000 0000 0000 0000
0000 0000 0000 0000 0000 0000 0000 0000
0000 0000 0000 0000 0000 0000 0000 0000
0000 0000 0000 0000 0000 0000 0000 0000
0000 0000 0000 0000 0000 0000 0000 0000
0000 0000 0000 0000 0000 0000 0000 0000
0000 0000 0000 0000 0000 0000 0000 0000
0000 0000 0000 0000 0000 0000 0000 0000
0000 0000 0000 0000 0000 0000 0000 0000
0000 0000 0000 0000 0000 0000 0000 0000
0000 0000 0000 0000 0000 0000 0000 0000
0000 0000 0000 0000 0000 0000 0000 0000
0000 0000 0000 0000 0000 0000 0000 0000
0000 0000 0000 0000 0000 0000 0000 0000
0000 0000 0000 0000 0000 0000 0000 0000
0000 0000 0000 0000 0000 0000 0000 0000
0000 0000 0000 0000 0000 0000 0000 0000
0000 0000 0000 0000 0000 0000 0000 0000
0000 0000 0000 0000 0000 0000 0000 0000
0000 0000 0000 0000 0000 0000 0000 0000
0000 0000 0000 0000 0000 0000 0000 0000
0000 0000 0000 0000 0000 0000 0000 0000
0000 0000 0000 0000 0000 0000 0000 0000
0000 0000 0000 0000 0000 0000 0000 0000
0000 0000 0000 0000 0000 0000 0000 0000
0000 0000 0000 0000 0000 0000 0000 0000
0000 0000 0000 0000 0000 0000 0000 0000
0000 0000 0000 0000 0000 0000 0000 0000
0000 0000 0000 0000 0000 0000 0000 0000
0000 0000 0000 0000 0000 0000 0000 0000
0000 0000 0000 0000 0000 0000 0000 0000
0000 0000 0000 0000 0000 0000 0000 0000
0000 0000 0000 0000 0000 0000 0000 0000
0000 0000 0000 0000 0000 0000 0000 0000
0000 0000 0000 0000 0000 0000 0000 0000
0000 0000 0000 0000 0000 0000 0000 0000
0000 0000 0000 0000 0000 0000 0000 0000
0000 0000 0000 0000 0000 0000 0000 0000
0000 0000 0000 0000 0000 0000 0000 0000
0000 0000 0000 0000 0000 0000 0000 0000
0000 0000 0000 0000 0000 0000 0000 0000
0000 0000 0000 0000 0000 0000 0000 0000
0000 0000 0000 0000 0000 0000 0000 0000
0000 0000 0000 0000 0000 0000 0000 0000
0000 0000 0000 0000 0000 0000 0000 0000
0000 0000 0000 0000 0000 0000 0000 0000
0000 0000 0000 0000 0000 0000 0000 0000
0000 0000 0000 0000 0000 0000 0000 0000
0000 0000 0000 0000 0000 0000 0000 0000
0000 0000 0000 0000 0000 0000 0000 0000
0000 0000 0000 0000 0000 0000 0000 0000
0000 0000 0000 0000 0000 0000 0000 0000
0000 0000 0000 0000 0000 0000 0000 0000
0000 0000 0000 0000 0000 0000 0000 0000
0000 0000 0000 0000 0000 0000 0000 0000
0000 0000 0000 0000 0000 0000 0000 0000
0000 0000 0000 0000 0000 0000 0000 0000
0000 0000 0000 0000 0000 0000 0000 0000
0000 0000 0000 0000 0000 0000 0000 0000
0000 0000 0000 0000 0000 0000 0000 0000
0000 0000 0000 0000 0000 0000 0000 0000
0000 0000 0000 0000 0000 0000 0000 0000
0000 0000 0000 0000 0000 0000 0000 0000
0000 0000 0000 0000 0000 0000 0000 0000
0000 0000 0000 0000 0000 0000 0000 0000
0000 0000 0000 0000 0000 0000 0000 0000
0000 0000 0000 0000 0000 0000 0000 0000
0000 0000 0000 0000 0000 0000 0000 0000
0000 0000 0000 0000 0000 0000 0000 0000
0000 0000 0000 0000 0000 0000 0000 0000
0000 0000 0000 0000 0000 0000 0000 0000
0000 0000 0000 0000 0000 0000 0000 0000
0000 0000 0000 0000 0000 0000 0000 0000
0000 0000 0000 0000 0000 0000 0000 0000
0000 0000 0000 0000 0000 0000 0000 0000
0000 0000 0000 0000 0000 0000 0000 0000
0000 0000 0000 0000 0000 0000 0000 0000
0000 0000 0000 0000 0000 0000 0000 0000
0000 0000 0000 0000 0000 0000 0000 0000
0000 0000 0000 0000 0000 0000 0000 0000
0000 0000 0000 0000 0000 0000 0000 0000
0000 0000 0000 0000 0000 0000 0000 0000
0000 0000 0000 0000 0000 0000 0000 0000
0000 0000 0000 0000 0000 0000 0000 0000
0000 0000 0000 0000 0000 0000 0000 0000
0000 0000 0000 0000 0000 0000 0000 0000
0000 0000 0000 0000 0000 0000 0000 0000
0000 0000 0000 0000 0000 0000 0000 0000
0000 0000 0000 0000 0000 0000 0000 0000
0000 0000 0000 0000 0000 0000 0000 0000
0000 0000 0000 0000 0000 0000 0000 0000
0000 0000 0000 0000 0000 0000 0000 0000
0000 0000 0000 0000 0000 0000 0000 0000
0000 0000 0000 0000 0000 0000 0000 0000
0000 0000 0000 0000 0000 0000 0000 0000
0000 0000 0000 0000 0000 0000 0000 0000
0000 0000 0000 0000 0000 0000 0000 0000
0000 0000 0000 0000 0000 0000 0000 0000
0000 0000 0000 0000 0000 0000 0000 0000
0000 0000 0000 0000 0000 0000 0000 0000
0000 0000 0000 0000 0000 0000 0000 0000
0000 0000 0000 0000 0000 0000 0000 0000
0000 0000 0000 0000 0000 0000 0000 0000
0000 0000 0000 0000 0000 0000 0000 0000
0000 0000 0000 0000 0000 0000 0000 0000
0000 0000 0000 0000 0000 0000 0000 0000
0000 0000 0000 0000 0000 0000 0000 0000
0000 0000 0000 0000 0000 0000 0000 0000
0000 0000 0000 0000 0000 0000 0000 0000
0000 0000 0000 0000 0000 0000 0000 0000
0000 0000 0000 0000 0000 0000 0000 0000
0000 0000 0000 0000 0000 0000 0000 0000
0000 0000 0000 0000 0000 0000 0000 0000
0000 0000 0000 0000 0000 0000 0000 0000
0000 0000 0000 0000 0000 0000 0000 0000
0000 0000 0000 0000 0000 0000 0000 0000
0000 0000 0000 0000 0000 0000 0000 0000
0000 0000 0000 0000 0000 0000 0000 0000
0000 0000 0000 0000 0000 0000 0000 0000
0000 0000 0000 0000 0000 0000 0000 0000
0000 0000 0000 0000 0000 0000 0000 0000
0000 0000 0000 0000 0000 0000 0000 0000
0000 0000 0000 0000 0000 0000 0000 0000
0000 0000 0000 0000 0000 0000 0000 0000
0000 0000 0000 0000 0000 0000 0000 0000
0000 0000 0000 0000 0000 0000 0000 0000
0000 0000 0000 0000 0000 0000 0000 0000
0000 0000 0000 0000 0000 0000 0000 0000
0000 0000 0000 0000 0000 0000 0000 0000
0000 0000 0000 0000 0000 0000 0000 0000
0000 0000 0000 0000 0000 0000 0000 0000
0000 0000 0000 0000 0000 0000 0000 0000
0000 0000 0000 0000 0000 0000 0000 0000
0000 0000 0000 0000 0000 0000 0000 0000
0000 0000 0000 0000 0000 0000 0000 0000
0000 0000 0000 0000 0000 0000 0000 0000
0000 0000 0000 0000 0000 0000 0000 0000
0000 0000 0000 0000 0000 0000 0000 0000
0000 0000 0000 0000 0000 0000 0000 0000
0000 0000 0000 0000 0000 0000 0000 0000
0000 0000 0000 0000 0000 0000 0000 0000
0000 0000 0000 0000 0000 0000 0000 0000
0000 0000 0000 0000 0000 0000 0000 0000
0000 0000 0000 0000 0000 0000 0000 0000
0000 0000 0000 0000 0000 0000 0000 0000
0000 0000 0000 0000 0000 0000 0000 0000
0000 0000 0000 0000 0000 0000 0000 0000
0000 0000 0000 0000 0000 0000 0000 0000
0000 0000 0000 0000 0000 0000 0000 0000
0000 0000 0000 0000 0000 0000 0000 0000
0000 0000 0000 0000 0000 0000 0000 0000
0000 0000 0000 0000 0000 0000 0000 0000
0000 0000 0000 0000 0000 0000 0000 0000
0000 0000 0000 0000 0000 0000 0000 0000
0000 0000 0000 0000 0000 0000 0000 0000
0000 0000 0000 0000 0000 0000 0000 0000
0000 0000 0000 0000 0000 0000 0000 0000
0000 0000 0000 0000 0000 0000 0000 0000
0000 0000 0000 0000 0000 0000 0000 0000
0000 0000 0000 0000 0000 0000 0000 0000
0000 0000 0000 0000 0000 0000 0000 0000
0000 0000 0000 0000 0000 0000 0000 0000
0000 0000 0000 0000 0000 0000 0000 0000
0000 0000 0000 0000 0000 0000 0000 0000
0000 0000 0000 0000 0000 0000 0000 0000
0000 0000 0000 0000 0000 0000 0000 0000
0000 0000 0000 0000 0000 0000 0000 0000
0000 0000 0000 0000 0000 0000 0000 0000
0000 0000 0000 0000 0000 0000 0000 0000
0000 0000 0000 0000 0000 0000 0000 0000
0000 0000 0000 0000 0000 0000 0000 0000
0000 0000 0000 0000 0000 0000 0000 0000
0000 0000 0000 0000 0000 0000 0000 0000
0000 0000 0000 0000 0000 0000 0000 0000
0000 0000 0000 0000 0000 0000 0000 0000
0000 0000 0000 0000 0000 0000 0000 0000
0000 0000 0000 0000 0000 0000 0000 0000
0000 0000 0000 0000 0000 0000 0000 0000
0000 0000 0000 0000 0000 0000 0000 0000
0000 0000 0000 0000 0000 0000 0000 0000
0000 0000 0000 0000 0000 0000 0000 0000
0100 0200 0000 0000 4669 7273 742c 2073
6f6c 7665 2074 6865 2070 726f 626c 656d
2e20 5468 656e 2c20 7772 6974 6520 7468
6520 636f 6465 0a00 2573 0000 011b 033b
4800 0000 0800 0000 e4ef ffff 7c00 0000
14f0 ffff a400 0000 24f0 ffff bc00 0000
44f0 ffff 6400 0000 2df1 ffff d400 0000
aaf1 ffff f400 0000 14f2 ffff 1401 0000
84f2 ffff 5c01 0000 1400 0000 0000 0000
017a 5200 0178 1001 1b0c 0708 9001 0000
1400 0000 1c00 0000 d8ef ffff 2f00 0000
0044 0710 0000 0000 2400 0000 3400 0000
60ef ffff 3000 0000 000e 1046 0e18 4a0f
0b77 0880 003f 1a3a 2a33 2422 0000 0000
1400 0000 5c00 0000 68ef ffff 1000 0000
0000 0000 0000 0000 1400 0000 7400 0000
60ef ffff 2000 0000 0000 0000 0000 0000
1c00 0000 8c00 0000 51f0 ffff 7d00 0000
0045 0e10 8602 430d 0602 740c 0708 0000
1c00 0000 ac00 0000 aef0 ffff 6600 0000
0045 0e10 8602 430d 0602 5d0c 0708 0000
4400 0000 cc00 0000 f8f0 ffff 6500 0000
0046 0e10 8f02 490e 188e 0345 0e20 8d04
450e 288c 0544 0e30 8606 480e 3883 0747
0e40 6e0e 3841 0e30 410e 2842 0e20 420e
1842 0e10 420e 0800 1000 0000 1401 0000
20f1 ffff 0500 0000 0000 0000 0000 0000
0000 0000 0000 0000 0000 0000 0000 0000
0000 0000 0000 0000 0000 0000 0000 0000
0000 0000 0000 0000 0000 0000 0000 0000
0000 0000 0000 0000 0000 0000 0000 0000
0000 0000 0000 0000 0000 0000 0000 0000
0000 0000 0000 0000 0000 0000 0000 0000
0000 0000 0000 0000 0000 0000 0000 0000
0000 0000 0000 0000 0000 0000 0000 0000
0000 0000 0000 0000 0000 0000 0000 0000
0000 0000 0000 0000 0000 0000 0000 0000
0000 0000 0000 0000 0000 0000 0000 0000
0000 0000 0000 0000 0000 0000 0000 0000
0000 0000 0000 0000 0000 0000 0000 0000
0000 0000 0000 0000 0000 0000 0000 0000
0000 0000 0000 0000 0000 0000 0000 0000
0000 0000 0000 0000 0000 0000 0000 0000
0000 0000 0000 0000 0000 0000 0000 0000
0000 0000 0000 0000 0000 0000 0000 0000
0000 0000 0000 0000 0000 0000 0000 0000
0000 0000 0000 0000 0000 0000 0000 0000
0000 0000 0000 0000 0000 0000 0000 0000
0000 0000 0000 0000 0000 0000 0000 0000
0000 0000 0000 0000 0000 0000 0000 0000
0000 0000 0000 0000 0000 0000 0000 0000
0000 0000 0000 0000 0000 0000 0000 0000
0000 0000 0000 0000 0000 0000 0000 0000
0000 0000 0000 0000 0000 0000 0000 0000
0000 0000 0000 0000 0000 0000 0000 0000
0000 0000 0000 0000 0000 0000 0000 0000
0000 0000 0000 0000 0000 0000 0000 0000
0000 0000 0000 0000 0000 0000 0000 0000
0000 0000 0000 0000 0000 0000 0000 0000
0000 0000 0000 0000 0000 0000 0000 0000
0000 0000 0000 0000 0000 0000 0000 0000
0000 0000 0000 0000 0000 0000 0000 0000
0000 0000 0000 0000 0000 0000 0000 0000
0000 0000 0000 0000 0000 0000 0000 0000
0000 0000 0000 0000 0000 0000 0000 0000
0000 0000 0000 0000 0000 0000 0000 0000
0000 0000 0000 0000 0000 0000 0000 0000
0000 0000 0000 0000 0000 0000 0000 0000
0000 0000 0000 0000 0000 0000 0000 0000
0000 0000 0000 0000 0000 0000 0000 0000
0000 0000 0000 0000 0000 0000 0000 0000
0000 0000 0000 0000 0000 0000 0000 0000
0000 0000 0000 0000 0000 0000 0000 0000
0000 0000 0000 0000 0000 0000 0000 0000
0000 0000 0000 0000 0000 0000 0000 0000
0000 0000 0000 0000 0000 0000 0000 0000
0000 0000 0000 0000 0000 0000 0000 0000
0000 0000 0000 0000 0000 0000 0000 0000
0000 0000 0000 0000 0000 0000 0000 0000
0000 0000 0000 0000 0000 0000 0000 0000
0000 0000 0000 0000 0000 0000 0000 0000
0000 0000 0000 0000 0000 0000 0000 0000
0000 0000 0000 0000 0000 0000 0000 0000
0000 0000 0000 0000 0000 0000 0000 0000
0000 0000 0000 0000 0000 0000 0000 0000
0000 0000 0000 0000 0000 0000 0000 0000
0000 0000 0000 0000 0000 0000 0000 0000
0000 0000 0000 0000 0000 0000 0000 0000
0000 0000 0000 0000 0000 0000 0000 0000
0000 0000 0000 0000 0000 0000 0000 0000
0000 0000 0000 0000 0000 0000 0000 0000
0000 0000 0000 0000 0000 0000 0000 0000
0000 0000 0000 0000 0000 0000 0000 0000
0000 0000 0000 0000 0000 0000 0000 0000
0000 0000 0000 0000 0000 0000 0000 0000
0000 0000 0000 0000 0000 0000 0000 0000
0000 0000 0000 0000 0000 0000 0000 0000
0000 0000 0000 0000 0000 0000 0000 0000
0000 0000 0000 0000 0000 0000 0000 0000
0000 0000 0000 0000 0000 0000 0000 0000
0000 0000 0000 0000 0000 0000 0000 0000
0000 0000 0000 0000 0000 0000 0000 0000
0000 0000 0000 0000 0000 0000 0000 0000
0000 0000 0000 0000 0000 0000 0000 0000
0000 0000 0000 0000 0000 0000 0000 0000
0000 0000 0000 0000 0000 0000 0000 0000
0000 0000 0000 0000 0000 0000 0000 0000
0000 0000 0000 0000 0000 0000 0000 0000
0000 0000 0000 0000 0000 0000 0000 0000
0000 0000 0000 0000 0000 0000 0000 0000
0000 0000 0000 0000 0000 0000 0000 0000
0000 0000 0000 0000 0000 0000 0000 0000
0000 0000 0000 0000 0000 0000 0000 0000
0000 0000 0000 0000 0000 0000 0000 0000
0000 0000 0000 0000 0000 0000 0000 0000
0000 0000 0000 0000 0000 0000 0000 0000
0000 0000 0000 0000 0000 0000 0000 0000
0000 0000 0000 0000 0000 0000 0000 0000
0000 0000 0000 0000 0000 0000 0000 0000
0000 0000 0000 0000 0000 0000 0000 0000
0000 0000 0000 0000 0000 0000 0000 0000
0000 0000 0000 0000 0000 0000 0000 0000
0000 0000 0000 0000 0000 0000 0000 0000
0000 0000 0000 0000 0000 0000 0000 0000
0000 0000 0000 0000 0000 0000 0000 0000
0000 0000 0000 0000 0000 0000 0000 0000
0000 0000 0000 0000 0000 0000 0000 0000
0000 0000 0000 0000 0000 0000 0000 0000
0000 0000 0000 0000 0000 0000 0000 0000
0000 0000 0000 0000 0000 0000 0000 0000
0000 0000 0000 0000 0000 0000 0000 0000
0000 0000 0000 0000 0000 0000 0000 0000
0000 0000 0000 0000 0000 0000 0000 0000
0000 0000 0000 0000 0000 0000 0000 0000
0000 0000 0000 0000 0000 0000 0000 0000
0000 0000 0000 0000 0000 0000 0000 0000
0000 0000 0000 0000 0000 0000 0000 0000
0000 0000 0000 0000 0000 0000 0000 0000
0000 0000 0000 0000 0000 0000 0000 0000
0000 0000 0000 0000 0000 0000 0000 0000
0000 0000 0000 0000 0000 0000 0000 0000
0000 0000 0000 0000 0000 0000 0000 0000
0000 0000 0000 0000 0000 0000 0000 0000
0000 0000 0000 0000 0000 0000 0000 0000
0000 0000 0000 0000 0000 0000 0000 0000
0000 0000 0000 0000 0000 0000 0000 0000
0000 0000 0000 0000 0000 0000 0000 0000
0000 0000 0000 0000 0000 0000 0000 0000
0000 0000 0000 0000 0000 0000 0000 0000
0000 0000 0000 0000 0000 0000 0000 0000
0000 0000 0000 0000 0000 0000 0000 0000
0000 0000 0000 0000 0000 0000 0000 0000
0000 0000 0000 0000 0000 0000 0000 0000
0000 0000 0000 0000 0000 0000 0000 0000
0000 0000 0000 0000 0000 0000 0000 0000
0000 0000 0000 0000 0000 0000 0000 0000
0000 0000 0000 0000 0000 0000 0000 0000
0000 0000 0000 0000 0000 0000 0000 0000
0000 0000 0000 0000 0000 0000 0000 0000
0000 0000 0000 0000 0000 0000 0000 0000
0000 0000 0000 0000 0000 0000 0000 0000
0000 0000 0000 0000 0000 0000 0000 0000
0000 0000 0000 0000 0000 0000 0000 0000
0000 0000 0000 0000 0000 0000 0000 0000
0000 0000 0000 0000 0000 0000 0000 0000
0000 0000 0000 0000 0000 0000 0000 0000
0000 0000 0000 0000 0000 0000 0000 0000
0000 0000 0000 0000 0000 0000 0000 0000
0000 0000 0000 0000 0000 0000 0000 0000
0000 0000 0000 0000 0000 0000 0000 0000
0000 0000 0000 0000 0000 0000 0000 0000
0000 0000 0000 0000 0000 0000 0000 0000
0000 0000 0000 0000 0000 0000 0000 0000
0000 0000 0000 0000 0000 0000 0000 0000
0000 0000 0000 0000 0000 0000 0000 0000
0000 0000 0000 0000 0000 0000 0000 0000
0000 0000 0000 0000 0000 0000 0000 0000
0000 0000 0000 0000 0000 0000 0000 0000
0000 0000 0000 0000 0000 0000 0000 0000
0000 0000 0000 0000 0000 0000 0000 0000
0000 0000 0000 0000 0000 0000 0000 0000
0000 0000 0000 0000 0000 0000 0000 0000
0000 0000 0000 0000 0000 0000 0000 0000
0000 0000 0000 0000 0000 0000 0000 0000
0000 0000 0000 0000 0000 0000 0000 0000
0000 0000 0000 0000 0000 0000 0000 0000
0000 0000 0000 0000 0000 0000 0000 0000
0000 0000 0000 0000 0000 0000 0000 0000
0000 0000 0000 0000 0000 0000 0000 0000
0000 0000 0000 0000 0000 0000 0000 0000
0000 0000 0000 0000 0000 0000 0000 0000
0000 0000 0000 0000 0000 0000 0000 0000
0000 0000 0000 0000 0000 0000 0000 0000
0000 0000 0000 0000 0000 0000 0000 0000
0000 0000 0000 0000 0000 0000 0000 0000
0000 0000 0000 0000 0000 0000 0000 0000
0000 0000 0000 0000 0000 0000 0000 0000
0000 0000 0000 0000 0000 0000 0000 0000
0000 0000 0000 0000 0000 0000 0000 0000
0000 0000 0000 0000 0000 0000 0000 0000
0000 0000 0000 0000 0000 0000 0000 0000
0000 0000 0000 0000 0000 0000 0000 0000
0000 0000 0000 0000 0000 0000 0000 0000
0000 0000 0000 0000 0000 0000 0000 0000
0000 0000 0000 0000 0000 0000 0000 0000
0000 0000 0000 0000 0000 0000 0000 0000
0000 0000 0000 0000 0000 0000 0000 0000
0000 0000 0000 0000 0000 0000 0000 0000
0000 0000 0000 0000 0000 0000 0000 0000
0000 0000 0000 0000 0000 0000 0000 0000
0000 0000 0000 0000 0000 0000 0000 0000
0000 0000 0000 0000 0000 0000 0000 0000
0000 0000 0000 0000 0000 0000 0000 0000
0000 0000 0000 0000 0000 0000 0000 0000
0000 0000 0000 0000 0000 0000 0000 0000
0000 0000 0000 0000 0000 0000 0000 0000
0000 0000 0000 0000 0000 0000 0000 0000
0000 0000 0000 0000 0000 0000 0000 0000
0000 0000 0000 0000 0000 0000 0000 0000
6011 0000 0000 0000 2011 0000 0000 0000
0100 0000 0000 0000 0100 0000 0000 0000
0c00 0000 0000 0000 0010 0000 0000 0000
0d00 0000 0000 0000 c812 0000 0000 0000
1900 0000 0000 0000 b03d 0000 0000 0000
1b00 0000 0000 0000 0800 0000 0000 0000
1a00 0000 0000 0000 b83d 0000 0000 0000
1c00 0000 0000 0000 0800 0000 0000 0000
f5fe ff6f 0000 0000 a003 0000 0000 0000
0500 0000 0000 0000 8804 0000 0000 0000
0600 0000 0000 0000 c803 0000 0000 0000
0a00 0000 0000 0000 9f00 0000 0000 0000
0b00 0000 0000 0000 1800 0000 0000 0000
1500 0000 0000 0000 0000 0000 0000 0000
0300 0000 0000 0000 b03f 0000 0000 0000
0200 0000 0000 0000 3000 0000 0000 0000
1400 0000 0000 0000 0700 0000 0000 0000
1700 0000 0000 0000 2806 0000 0000 0000
0700 0000 0000 0000 6805 0000 0000 0000
0800 0000 0000 0000 c000 0000 0000 0000
0900 0000 0000 0000 1800 0000 0000 0000
1e00 0000 0000 0000 0800 0000 0000 0000
fbff ff6f 0000 0000 0100 0008 0000 0000
feff ff6f 0000 0000 3805 0000 0000 0000
ffff ff6f 0000 0000 0100 0000 0000 0000
f0ff ff6f 0000 0000 2805 0000 0000 0000
f9ff ff6f 0000 0000 0300 0000 0000 0000
0000 0000 0000 0000 0000 0000 0000 0000
0000 0000 0000 0000 0000 0000 0000 0000
0000 0000 0000 0000 0000 0000 0000 0000
0000 0000 0000 0000 0000 0000 0000 0000
0000 0000 0000 0000 0000 0000 0000 0000
c03d 0000 0000 0000 0000 0000 0000 0000
0000 0000 0000 0000 3010 0000 0000 0000
4010 0000 0000 0000 0000 0000 0000 0000
0000 0000 0000 0000 0000 0000 0000 0000
0000 0000 0000 0000 0000 0000 0000 0000
0000 0000 0000 0000 0840 0000 0000 0000
4743 433a 2028 5562 756e 7475 2039 2e33
2e30 2d31 3775 6275 6e74 7531 7e32 302e
3034 2920 392e 332e 3000 0000 0000 0000
0000 0000 0000 0000 0000 0000 0000 0000
0000 0000 0000 0000 0000 0000 0300 0100
1803 0000 0000 0000 0000 0000 0000 0000
0000 0000 0300 0200 3803 0000 0000 0000
0000 0000 0000 0000 0000 0000 0300 0300
5803 0000 0000 0000 0000 0000 0000 0000
0000 0000 0300 0400 7c03 0000 0000 0000
0000 0000 0000 0000 0000 0000 0300 0500
a003 0000 0000 0000 0000 0000 0000 0000
0000 0000 0300 0600 c803 0000 0000 0000
0000 0000 0000 0000 0000 0000 0300 0700
8804 0000 0000 0000 0000 0000 0000 0000
0000 0000 0300 0800 2805 0000 0000 0000
0000 0000 0000 0000 0000 0000 0300 0900
3805 0000 0000 0000 0000 0000 0000 0000
0000 0000 0300 0a00 6805 0000 0000 0000
0000 0000 0000 0000 0000 0000 0300 0b00
2806 0000 0000 0000 0000 0000 0000 0000
0000 0000 0300 0c00 0010 0000 0000 0000
0000 0000 0000 0000 0000 0000 0300 0d00
2010 0000 0000 0000 0000 0000 0000 0000
0000 0000 0300 0e00 5010 0000 0000 0000
0000 0000 0000 0000 0000 0000 0300 0f00
6010 0000 0000 0000 0000 0000 0000 0000
0000 0000 0300 1000 8010 0000 0000 0000
0000 0000 0000 0000 0000 0000 0300 1100
c812 0000 0000 0000 0000 0000 0000 0000
0000 0000 0300 1200 0020 0000 0000 0000
0000 0000 0000 0000 0000 0000 0300 1300
3c20 0000 0000 0000 0000 0000 0000 0000
0000 0000 0300 1400 8820 0000 0000 0000
0000 0000 0000 0000 0000 0000 0300 1500
b03d 0000 0000 0000 0000 0000 0000 0000
0000 0000 0300 1600 b83d 0000 0000 0000
0000 0000 0000 0000 0000 0000 0300 1700
c03d 0000 0000 0000 0000 0000 0000 0000
0000 0000 0300 1800 b03f 0000 0000 0000
0000 0000 0000 0000 0000 0000 0300 1900
0040 0000 0000 0000 0000 0000 0000 0000
0000 0000 0300 1a00 1040 0000 0000 0000
0000 0000 0000 0000 0000 0000 0300 1b00
0000 0000 0000 0000 0000 0000 0000 0000
0100 0000 0400 f1ff 0000 0000 0000 0000
0000 0000 0000 0000 0c00 0000 0200 1000
b010 0000 0000 0000 0000 0000 0000 0000
0e00 0000 0200 1000 e010 0000 0000 0000
0000 0000 0000 0000 2100 0000 0200 1000
2011 0000 0000 0000 0000 0000 0000 0000
3700 0000 0100 1a00 1040 0000 0000 0000
0100 0000 0000 0000 4600 0000 0100 1600
b83d 0000 0000 0000 0000 0000 0000 0000
6d00 0000 0200 1000 6011 0000 0000 0000
0000 0000 0000 0000 7900 0000 0100 1500
b03d 0000 0000 0000 0000 0000 0000 0000
9800 0000 0400 f1ff 0000 0000 0000 0000
0000 0000 0000 0000 a100 0000 0400 f1ff
0000 0000 0000 0000 0000 0000 0000 0000
0100 0000 0400 f1ff 0000 0000 0000 0000
0000 0000 0000 0000 ac00 0000 0100 1400
ac21 0000 0000 0000 0000 0000 0000 0000
0000 0000 0400 f1ff 0000 0000 0000 0000
0000 0000 0000 0000 ba00 0000 0000 1500
b83d 0000 0000 0000 0000 0000 0000 0000
cb00 0000 0100 1700 c03d 0000 0000 0000
0000 0000 0000 0000 d400 0000 0000 1500
b03d 0000 0000 0000 0000 0000 0000 0000
e700 0000 0000 1300 3c20 0000 0000 0000
0000 0000 0000 0000 fa00 0000 0100 1800
b03f 0000 0000 0000 0000 0000 0000 0000
dc01 0000 0200 0c00 0010 0000 0000 0000
0000 0000 0000 0000 1001 0000 1200 1000
c012 0000 0000 0000 0500 0000 0000 0000
2001 0000 2000 0000 0000 0000 0000 0000
0000 0000 0000 0000 9401 0000 2000 1900
0040 0000 0000 0000 0000 0000 0000 0000
3c01 0000 1000 1900 1040 0000 0000 0000
0000 0000 0000 0000 1a01 0000 1202 1100
c812 0000 0000 0000 0000 0000 0000 0000
4301 0000 1200 0000 0000 0000 0000 0000
0000 0000 0000 0000 5f01 0000 1200 0000
0000 0000 0000 0000 0000 0000 0000 0000
7301 0000 1200 0000 0000 0000 0000 0000
0000 0000 0000 0000 9201 0000 1000 1900
0040 0000 0000 0000 0000 0000 0000 0000
9f01 0000 2000 0000 0000 0000 0000 0000
0000 0000 0000 0000 ae01 0000 1102 1900
0840 0000 0000 0000 0000 0000 0000 0000
bb01 0000 1100 1200 0020 0000 0000 0000
0400 0000 0000 0000 ca01 0000 1200 1000
e611 0000 0000 0000 6600 0000 0000 0000
d201 0000 1200 1000 5012 0000 0000 0000
6500 0000 0000 0000 c600 0000 1000 1a00
1840 0000 0000 0000 0000 0000 0000 0000
9801 0000 1200 1000 8010 0000 0000 0000
2f00 0000 0000 0000 e201 0000 1000 1a00
1040 0000 0000 0000 0000 0000 0000 0000
ee01 0000 1200 1000 6911 0000 0000 0000
7d00 0000 0000 0000 f301 0000 1102 1900
1040 0000 0000 0000 0000 0000 0000 0000
ff01 0000 2000 0000 0000 0000 0000 0000
0000 0000 0000 0000 1902 0000 2200 0000
0000 0000 0000 0000 0000 0000 0000 0000
0063 7274 7374 7566 662e 6300 6465 7265
6769 7374 6572 5f74 6d5f 636c 6f6e 6573
005f 5f64 6f5f 676c 6f62 616c 5f64 746f
7273 5f61 7578 0063 6f6d 706c 6574 6564
2e38 3036 3000 5f5f 646f 5f67 6c6f 6261
6c5f 6474 6f72 735f 6175 785f 6669 6e69
5f61 7272 6179 5f65 6e74 7279 0066 7261
6d65 5f64 756d 6d79 005f 5f66 7261 6d65
5f64 756d 6d79 5f69 6e69 745f 6172 7261
795f 656e 7472 7900 392d 6d61 696e 2e63
0039 2d73 7472 6370 792e 6300 5f5f 4652
414d 455f 454e 445f 5f00 5f5f 696e 6974
5f61 7272 6179 5f65 6e64 005f 4459 4e41
4d49 4300 5f5f 696e 6974 5f61 7272 6179
5f73 7461 7274 005f 5f47 4e55 5f45 485f
4652 414d 455f 4844 5200 5f47 4c4f 4241
4c5f 4f46 4653 4554 5f54 4142 4c45 5f00
5f5f 6c69 6263 5f63 7375 5f66 696e 6900
5f49 544d 5f64 6572 6567 6973 7465 7254
4d43 6c6f 6e65 5461 626c 6500 5f65 6461
7461 005f 5f73 7461 636b 5f63 686b 5f66
6169 6c40 4047 4c49 4243 5f32 2e34 0070
7269 6e74 6640 4047 4c49 4243 5f32 2e32
2e35 005f 5f6c 6962 635f 7374 6172 745f
6d61 696e 4040 474c 4942 435f 322e 322e
3500 5f5f 6461 7461 5f73 7461 7274 005f
5f67 6d6f 6e5f 7374 6172 745f 5f00 5f5f
6473 6f5f 6861 6e64 6c65 005f 494f 5f73
7464 696e 5f75 7365 6400 5f73 7472 6370
7900 5f5f 6c69 6263 5f63 7375 5f69 6e69
7400 5f5f 6273 735f 7374 6172 7400 6d61
696e 005f 5f54 4d43 5f45 4e44 5f5f 005f
4954 4d5f 7265 6769 7374 6572 544d 436c
6f6e 6554 6162 6c65 005f 5f63 7861 5f66
696e 616c 697a 6540 4047 4c49 4243 5f32
2e32 2e35 0000 2e73 796d 7461 6200 2e73
7472 7461 6200 2e73 6873 7472 7461 6200
2e69 6e74 6572 7000 2e6e 6f74 652e 676e
752e 7072 6f70 6572 7479 002e 6e6f 7465
2e67 6e75 2e62 7569 6c64 2d69 6400 2e6e
6f74 652e 4142 492d 7461 6700 2e67 6e75
2e68 6173 6800 2e64 796e 7379 6d00 2e64
796e 7374 7200 2e67 6e75 2e76 6572 7369
6f6e 002e 676e 752e 7665 7273 696f 6e5f
7200 2e72 656c 612e 6479 6e00 2e72 656c
612e 706c 7400 2e69 6e69 7400 2e70 6c74
2e67 6f74 002e 706c 742e 7365 6300 2e74
6578 7400 2e66 696e 6900 2e72 6f64 6174
6100 2e65 685f 6672 616d 655f 6864 7200
2e65 685f 6672 616d 6500 2e69 6e69 745f
6172 7261 7900 2e66 696e 695f 6172 7261
7900 2e64 796e 616d 6963 002e 6461 7461
002e 6273 7300 2e63 6f6d 6d65 6e74 0000
0000 0000 0000 0000 0000 0000 0000 0000
0000 0000 0000 0000 0000 0000 0000 0000
0000 0000 0000 0000 0000 0000 0000 0000
0000 0000 0000 0000 0000 0000 0000 0000
1b00 0000 0100 0000 0200 0000 0000 0000
1803 0000 0000 0000 1803 0000 0000 0000
1c00 0000 0000 0000 0000 0000 0000 0000
0100 0000 0000 0000 0000 0000 0000 0000
2300 0000 0700 0000 0200 0000 0000 0000
3803 0000 0000 0000 3803 0000 0000 0000
2000 0000 0000 0000 0000 0000 0000 0000
0800 0000 0000 0000 0000 0000 0000 0000
3600 0000 0700 0000 0200 0000 0000 0000
5803 0000 0000 0000 5803 0000 0000 0000
2400 0000 0000 0000 0000 0000 0000 0000
0400 0000 0000 0000 0000 0000 0000 0000
4900 0000 0700 0000 0200 0000 0000 0000
7c03 0000 0000 0000 7c03 0000 0000 0000
2000 0000 0000 0000 0000 0000 0000 0000
0400 0000 0000 0000 0000 0000 0000 0000
5700 0000 f6ff ff6f 0200 0000 0000 0000
a003 0000 0000 0000 a003 0000 0000 0000
2400 0000 0000 0000 0600 0000 0000 0000
0800 0000 0000 0000 0000 0000 0000 0000
6100 0000 0b00 0000 0200 0000 0000 0000
c803 0000 0000 0000 c803 0000 0000 0000
c000 0000 0000 0000 0700 0000 0100 0000
0800 0000 0000 0000 1800 0000 0000 0000
6900 0000 0300 0000 0200 0000 0000 0000
8804 0000 0000 0000 8804 0000 0000 0000
9f00 0000 0000 0000 0000 0000 0000 0000
0100 0000 0000 0000 0000 0000 0000 0000
7100 0000 ffff ff6f 0200 0000 0000 0000
2805 0000 0000 0000 2805 0000 0000 0000
1000 0000 0000 0000 0600 0000 0000 0000
0200 0000 0000 0000 0200 0000 0000 0000
7e00 0000 feff ff6f 0200 0000 0000 0000
3805 0000 0000 0000 3805 0000 0000 0000
3000 0000 0000 0000 0700 0000 0100 0000
0800 0000 0000 0000 0000 0000 0000 0000
8d00 0000 0400 0000 0200 0000 0000 0000
6805 0000 0000 0000 6805 0000 0000 0000
c000 0000 0000 0000 0600 0000 0000 0000
0800 0000 0000 0000 1800 0000 0000 0000
9700 0000 0400 0000 4200 0000 0000 0000
2806 0000 0000 0000 2806 0000 0000 0000
3000 0000 0000 0000 0600 0000 1800 0000
0800 0000 0000 0000 1800 0000 0000 0000
a100 0000 0100 0000 0600 0000 0000 0000
0010 0000 0000 0000 0010 0000 0000 0000
1b00 0000 0000 0000 0000 0000 0000 0000
0400 0000 0000 0000 0000 0000 0000 0000
9c00 0000 0100 0000 0600 0000 0000 0000
2010 0000 0000 0000 2010 0000 0000 0000
3000 0000 0000 0000 0000 0000 0000 0000
1000 0000 0000 0000 1000 0000 0000 0000
a700 0000 0100 0000 0600 0000 0000 0000
5010 0000 0000 0000 5010 0000 0000 0000
1000 0000 0000 0000 0000 0000 0000 0000
1000 0000 0000 0000 1000 0000 0000 0000
b000 0000 0100 0000 0600 0000 0000 0000
6010 0000 0000 0000 6010 0000 0000 0000
2000 0000 0000 0000 0000 0000 0000 0000
1000 0000 0000 0000 1000 0000 0000 0000
b900 0000 0100 0000 0600 0000 0000 0000
8010 0000 0000 0000 8010 0000 0000 0000
4502 0000 0000 0000 0000 0000 0000 0000
1000 0000 0000 0000 0000 0000 0000 0000
bf00 0000 0100 0000 0600 0000 0000 0000
c812 0000 0000 0000 c812 0000 0000 0000
0d00 0000 0000 0000 0000 0000 0000 0000
0400 0000 0000 0000 0000 0000 0000 0000
c500 0000 0100 0000 0200 0000 0000 0000
0020 0000 0000 0000 0020 0000 0000 0000
3b00 0000 0000 0000 0000 0000 0000 0000
0800 0000 0000 0000 0000 0000 0000 0000
cd00 0000 0100 0000 0200 0000 0000 0000
3c20 0000 0000 0000 3c20 0000 0000 0000
4c00 0000 0000 0000 0000 0000 0000 0000
0400 0000 0000 0000 0000 0000 0000 0000
db00 0000 0100 0000 0200 0000 0000 0000
8820 0000 0000 0000 8820 0000 0000 0000
2801 0000 0000 0000 0000 0000 0000 0000
0800 0000 0000 0000 0000 0000 0000 0000
e500 0000 0e00 0000 0300 0000 0000 0000
b03d 0000 0000 0000 b02d 0000 0000 0000
0800 0000 0000 0000 0000 0000 0000 0000
0800 0000 0000 0000 0800 0000 0000 0000
f100 0000 0f00 0000 0300 0000 0000 0000
b83d 0000 0000 0000 b82d 0000 0000 0000
0800 0000 0000 0000 0000 0000 0000 0000
0800 0000 0000 0000 0800 0000 0000 0000
fd00 0000 0600 0000 0300 0000 0000 0000
c03d 0000 0000 0000 c02d 0000 0000 0000
f001 0000 0000 0000 0700 0000 0000 0000
0800 0000 0000 0000 1000 0000 0000 0000
ab00 0000 0100 0000 0300 0000 0000 0000
b03f 0000 0000 0000 b02f 0000 0000 0000
5000 0000 0000 0000 0000 0000 0000 0000
0800 0000 0000 0000 0800 0000 0000 0000
0601 0000 0100 0000 0300 0000 0000 0000
0040 0000 0000 0000 0030 0000 0000 0000
1000 0000 0000 0000 0000 0000 0000 0000
0800 0000 0000 0000 0000 0000 0000 0000
0c01 0000 0800 0000 0300 0000 0000 0000
1040 0000 0000 0000 1030 0000 0000 0000
0800 0000 0000 0000 0000 0000 0000 0000
0100 0000 0000 0000 0000 0000 0000 0000
1101 0000 0100 0000 3000 0000 0000 0000
0000 0000 0000 0000 1030 0000 0000 0000
2a00 0000 0000 0000 0000 0000 0000 0000
0100 0000 0000 0000 0100 0000 0000 0000
0100 0000 0200 0000 0000 0000 0000 0000
0000 0000 0000 0000 4030 0000 0000 0000
6006 0000 0000 0000 1d00 0000 2f00 0000
0800 0000 0000 0000 1800 0000 0000 0000
0900 0000 0300 0000 0000 0000 0000 0000
0000 0000 0000 0000 a036 0000 0000 0000
3502 0000 0000 0000 0000 0000 0000 0000
0100 0000 0000 0000 0000 0000 0000 0000
1100 0000 0300 0000 0000 0000 0000 0000
0000 0000 0000 0000 d538 0000 0000 0000
1a01 0000 0000 0000 0000 0000 0000 0000
0100 0000 0000 0000 0000 0000 0000 0000
